450
21 50 44 24 43 45 24 57 45 23 197 144
21 50 44 28 59 46 28 41 46 23 197 144
21 50 56 24 43 55 24 57 55 23 197 144
21 50 56 28 59 54 28 41 54 23 197 144
22 46 44 22 54 44 28 41 46 23 197 144
22 46 44 24 57 45 32 41 47 23 197 144
22 46 56 22 54 56 28 41 54 23 197 144
22 46 56 24 57 55 32 41 53 23 197 144
22 54 44 22 46 44 28 59 46 23 197 144
22 54 44 24 43 45 32 59 47 23 197 144
22 54 56 22 46 56 28 59 54 23 197 144
22 54 56 24 43 55 32 59 53 23 197 144
24 43 45 21 50 44 32 41 47 23 197 144
24 43 45 24 43 55 28 41 54 23 197 144
24 43 55 21 50 56 32 41 53 23 197 144
24 43 55 24 43 45 28 41 46 23 197 144
24 57 45 21 50 44 32 59 47 23 197 144
24 57 45 24 57 55 28 59 54 23 197 144
24 57 55 21 50 56 32 59 53 23 197 144
24 57 55 24 57 45 28 59 46 23 197 144
26 50 33 29 43 35 29 57 35 23 197 144
26 50 33 32 41 37 32 59 37 23 197 144
26 50 67 29 43 65 29 57 65 23 197 144
26 50 67 32 41 63 32 59 63 23 197 144
27 46 33 27 54 33 32 41 37 23 197 144
27 46 33 35 41 39 29 57 35 23 197 144
27 46 67 27 54 67 32 41 63 23 197 144
27 46 67 35 41 61 29 57 65 23 197 144
27 54 33 27 46 33 32 59 37 23 197 144
27 54 33 35 59 39 29 43 35 23 197 144
27 54 67 27 46 67 32 59 63 23 197 144
27 54 67 35 59 61 29 43 65 23 197 144
28 41 46 28 41 54 22 46 44 23 197 144
28 41 46 32 41 53 36 42 47 23 197 144
28 41 54 28 41 46 22 46 56 23 197 144
28 41 54 32 41 47 36 42 53 23 197 144
28 59 46 28 59 54 32 59 53 23 197 144
28 59 46 22 54 44 36 58 47 23 197 144
28 59 54 28 59 46 22 54 56 23 197 144
28 59 54 32 59 47 36 58 53 23 197 144
29 43 35 35 41 39 26 50 33 23 197 144
29 43 35 39 41 31 24 43 45 23 197 144
29 43 65 35 41 61 26 50 67 23 197 144
29 43 65 39 41 69 24 43 55 23 197 144
29 57 35 35 59 39 26 50 33 23 197 144
29 57 35 39 59 31 24 57 45 23 197 144
29 57 65 35 59 61 26 50 67 23 197 144
29 57 65 39 59 69 24 57 55 23 197 144
32 41 37 38 42 42 27 46 33 23 197 144
32 41 37 39 41 31 41 41 34 23 197 144
32 41 47 32 41 53 36 42 53 23 197 144
32 41 47 38 42 42 28 41 54 23 197 144
32 41 53 32 41 47 36 42 47 23 197 144
32 41 53 38 42 58 28 41 46 23 197 144
32 41 63 38 42 58 27 46 67 23 197 144
32 41 63 39 41 69 41 41 66 23 197 144
32 59 37 38 58 42 27 54 33 23 197 144
32 59 37 39 59 31 41 59 34 23 197 144
32 59 47 32 59 53 36 58 53 23 197 144
32 59 47 38 58 42 28 59 54 23 197 144
32 59 53 32 59 47 36 58 47 23 197 144
32 59 53 38 58 58 28 59 46 23 197 144
32 59 63 38 58 58 27 54 67 23 197 144
32 59 63 39 59 69 41 59 66 23 197 144
35 41 39 29 43 35 41 41 34 23 197 144
35 41 39 36 42 47 43 42 38 23 197 144
35 41 61 29 43 65 41 41 66 23 197 144
35 41 61 43 42 62 36 42 53 23 197 144
35 50 25 37 57 27 37 43 27 23 197 144
35 50 25 39 59 31 39 41 31 23 197 144
35 59 39 29 57 35 41 59 34 23 197 144
35 59 39 43 58 38 36 58 47 23 197 144
35 59 61 29 57 65 41 59 66 23 197 144
35 59 61 43 58 62 36 58 53 23 197 144
36 42 47 38 42 42 36 42 53 23 197 144
36 42 47 39 45 52 41 45 43 23 197 144
36 42 53 38 42 58 36 42 47 23 197 144
36 42 53 39 45 48 41 45 57 23 197 144
36 46 25 36 54 25 39 41 31 23 197 144
36 46 25 37 57 27 47 46 22 23 197 144
36 46 75 36 54 75 39 41 69 23 197 144
36 46 75 37 57 73 47 46 78 23 197 144
36 50 75 37 43 73 37 57 73 23 197 144
36 50 75 39 41 69 39 59 69 23 197 144
36 54 25 36 46 25 39 59 31 23 197 144
36 54 25 37 43 27 47 54 22 23 197 144
36 54 75 36 46 75 39 59 69 23 197 144
36 54 75 37 43 73 47 54 78 23 197 144
36 58 47 38 58 42 36 58 53 23 197 144
36 58 47 39 55 52 41 55 43 23 197 144
36 58 53 38 58 58 36 58 47 23 197 144
36 58 53 39 55 48 41 55 57 23 197 144
37 43 27 35 50 25 41 41 34 23 197 144
37 43 27 48 41 28 36 54 25 23 197 144
37 43 73 36 50 75 41 41 66 23 197 144
37 43 73 48 41 72 36 54 75 23 197 144
37 57 27 35 50 25 41 59 34 23 197 144
37 57 27 36 46 25 48 59 28 23 197 144
37 57 73 36 50 75 41 59 66 23 197 144
37 57 73 36 46 75 48 59 72 23 197 144
38 42 42 36 42 47 43 42 38 23 197 144
38 42 42 39 45 48 42 48 44 23 197 144
38 42 58 36 42 53 43 42 62 23 197 144
38 42 58 39 45 52 42 48 56 23 197 144
38 58 42 36 58 47 43 58 38 23 197 144
38 58 42 39 55 48 42 52 44 23 197 144
38 58 58 36 58 53 43 58 62 23 197 144
38 58 58 39 55 52 42 52 56 23 197 144
39 41 31 43 42 38 36 46 25 23 197 144
39 41 31 35 41 39 32 41 37 23 197 144
39 41 69 43 42 62 36 46 75 23 197 144
39 41 69 35 41 61 32 41 63 23 197 144
39 45 48 36 42 47 41 48 52 23 197 144
39 45 48 41 45 43 42 48 44 23 197 144
39 45 52 36 42 53 41 48 48 23 197 144
39 45 52 41 45 57 42 48 56 23 197 144
39 55 48 36 58 47 41 55 43 23 197 144
39 55 48 41 52 52 42 52 44 23 197 144
39 55 52 36 58 53 41 55 57 23 197 144
39 55 52 41 52 48 42 52 56 23 197 144
39 59 31 43 58 38 36 54 25 23 197 144
39 59 31 35 59 39 32 59 37 23 197 144
39 59 69 43 58 62 36 54 75 23 197 144
39 59 69 35 59 61 32 59 63 23 197 144
41 41 34 35 41 39 45 45 40 23 197 144
41 41 34 49 41 32 37 43 27 23 197 144
41 41 66 35 41 61 45 45 60 23 197 144
41 41 66 49 41 68 49 42 64 23 197 144
41 45 43 45 45 40 45 48 42 23 197 144
41 45 43 39 45 48 41 48 48 23 197 144
41 45 57 45 45 60 45 48 58 23 197 144
41 45 57 39 45 52 41 48 52 23 197 144
41 48 48 41 52 48 42 48 44 23 197 144
41 48 48 39 45 52 41 52 52 23 197 144
41 48 52 41 52 52 42 48 56 23 197 144
41 48 52 39 45 48 41 52 48 23 197 144
41 52 48 41 52 52 42 52 44 23 197 144
41 52 48 39 55 52 41 48 52 23 197 144
41 52 52 41 52 48 42 52 56 23 197 144
41 52 52 39 55 48 41 48 48 23 197 144
41 55 43 45 55 40 45 52 42 23 197 144
41 55 43 39 55 48 41 52 48 23 197 144
41 55 57 45 55 60 45 52 58 23 197 144
41 55 57 39 55 52 41 52 52 23 197 144
41 59 34 35 59 39 45 55 40 23 197 144
41 59 34 49 59 32 37 57 27 23 197 144
41 59 66 35 59 61 49 59 68 23 197 144
41 59 66 45 55 60 37 57 73 23 197 144
42 48 44 42 52 44 41 48 48 23 197 144
42 48 44 45 52 42 41 52 48 23 197 144
42 48 56 42 52 56 41 48 52 23 197 144
42 48 56 45 52 58 41 52 52 23 197 144
42 52 44 42 48 44 41 52 48 23 197 144
42 52 44 45 48 42 41 48 48 23 197 144
42 52 56 42 48 56 41 52 52 23 197 144
42 52 56 45 48 58 41 48 52 23 197 144
43 42 38 41 45 43 49 42 36 23 197 144
43 42 38 38 42 42 49 45 39 23 197 144
43 42 62 41 45 57 49 42 64 23 197 144
43 42 62 38 42 58 49 45 61 23 197 144
43 58 38 41 55 43 49 58 36 23 197 144
43 58 38 38 58 42 49 55 39 23 197 144
43 58 62 41 55 57 49 58 64 23 197 144
43 58 62 38 58 58 49 55 61 23 197 144
45 45 40 49 45 39 41 45 43 23 197 144
45 45 40 49 48 40 42 48 44 23 197 144
45 45 60 43 42 62 49 48 60 23 197 144
45 45 60 41 45 57 42 48 56 23 197 144
45 48 42 45 52 42 49 48 40 23 197 144
45 48 42 41 45 43 42 52 44 23 197 144
45 48 58 45 52 58 49 48 60 23 197 144
45 48 58 41 45 57 42 52 56 23 197 144
45 52 42 45 48 42 49 52 40 23 197 144
45 52 42 41 55 43 42 48 44 23 197 144
45 52 58 45 48 58 49 52 60 23 197 144
45 52 58 41 55 57 42 48 56 23 197 144
45 55 40 49 55 39 41 55 43 23 197 144
45 55 40 49 52 40 42 52 44 23 197 144
45 55 60 49 55 61 41 55 57 23 197 144
45 55 60 49 52 60 42 52 56 23 197 144
47 46 22 48 41 28 47 54 22 23 197 144
47 46 22 48 57 24 49 41 32 23 197 144
47 46 78 48 41 72 47 54 78 23 197 144
47 46 78 48 57 76 49 41 68 23 197 144
47 50 21 48 43 24 48 57 24 23 197 144
47 50 21 48 41 28 48 59 28 23 197 144
47 50 79 48 43 76 48 57 76 23 197 144
47 50 79 48 41 72 48 59 72 23 197 144
47 54 22 48 59 28 47 46 22 23 197 144
47 54 22 48 43 24 49 59 32 23 197 144
47 54 78 48 59 72 47 46 78 23 197 144
47 54 78 48 43 76 49 59 68 23 197 144
48 41 28 47 46 22 55 41 32 23 197 144
48 41 28 49 42 36 57 41 29 23 197 144
48 41 72 47 46 78 55 41 68 23 197 144
48 41 72 49 42 64 57 41 71 23 197 144
48 43 24 47 50 21 49 41 32 23 197 144
48 43 24 58 43 25 57 41 29 23 197 144
48 43 76 47 50 79 49 41 68 23 197 144
48 43 76 58 43 75 57 41 71 23 197 144
48 57 24 47 50 21 49 59 32 23 197 144
48 57 24 58 57 25 57 59 29 23 197 144
48 57 76 47 50 79 49 59 68 23 197 144
48 57 76 58 57 75 57 59 71 23 197 144
48 59 28 47 54 22 55 59 32 23 197 144
48 59 28 49 58 36 57 59 29 23 197 144
48 59 72 47 54 78 55 59 68 23 197 144
48 59 72 49 58 64 57 59 71 23 197 144
49 41 32 55 41 32 54 42 36 23 197 144
49 41 32 49 45 39 41 41 34 23 197 144
49 41 68 55 41 68 54 42 64 23 197 144
49 41 68 49 45 61 41 41 66 23 197 144
49 42 36 54 42 36 53 45 39 23 197 144
49 42 36 43 42 38 45 45 40 23 197 144
49 42 64 54 42 64 53 45 61 23 197 144
49 42 64 43 42 62 45 45 60 23 197 144
49 45 39 45 45 40 49 42 36 23 197 144
49 45 39 53 48 41 45 48 42 23 197 144
49 45 61 45 45 60 49 42 64 23 197 144
49 45 61 53 48 59 45 48 58 23 197 144
49 48 40 53 48 41 45 48 42 23 197 144
49 48 40 45 45 40 53 45 39 23 197 144
49 48 60 53 48 59 45 48 58 23 197 144
49 48 60 45 45 60 53 45 61 23 197 144
49 52 40 53 52 41 45 52 42 23 197 144
49 52 40 45 55 40 53 55 39 23 197 144
49 52 60 53 52 59 45 52 58 23 197 144
49 52 60 45 55 60 53 55 61 23 197 144
49 55 39 45 55 40 49 58 36 23 197 144
49 55 39 53 52 41 45 52 42 23 197 144
49 55 61 45 55 60 49 58 64 23 197 144
49 55 61 53 52 59 45 52 58 23 197 144
49 58 36 54 58 36 53 55 39 23 197 144
49 58 36 43 58 38 45 55 40 23 197 144
49 58 64 54 58 64 53 55 61 23 197 144
49 58 64 43 58 62 45 55 60 23 197 144
49 59 32 55 59 32 54 58 36 23 197 144
49 59 32 49 55 39 41 59 34 23 197 144
49 59 68 55 59 68 54 58 64 23 197 144
49 59 68 49 55 61 41 59 66 23 197 144
53 45 39 54 42 36 57 45 42 23 197 144
53 45 39 49 48 40 56 48 43 23 197 144
53 45 61 54 42 64 57 45 58 23 197 144
53 45 61 49 48 60 56 48 57 23 197 144
53 48 41 53 52 41 49 48 40 23 197 144
53 48 41 57 45 42 49 45 39 23 197 144
53 48 59 53 52 59 49 48 60 23 197 144
53 48 59 57 45 58 49 45 61 23 197 144
53 52 41 53 48 41 49 52 40 23 197 144
53 52 41 57 55 42 56 48 43 23 197 144
53 52 59 53 48 59 49 52 60 23 197 144
53 52 59 57 55 58 49 55 61 23 197 144
53 55 39 54 58 36 57 55 42 23 197 144
53 55 39 49 52 40 56 52 43 23 197 144
53 55 61 54 58 64 57 55 58 23 197 144
53 55 61 49 52 60 49 58 64 23 197 144
54 42 36 49 42 36 49 41 32 23 197 144
54 42 36 49 45 39 60 42 39 23 197 144
54 42 64 49 42 64 49 41 68 23 197 144
54 42 64 49 45 61 60 42 61 23 197 144
54 58 36 49 58 36 49 59 32 23 197 144
54 58 36 49 55 39 60 58 39 23 197 144
54 58 64 49 58 64 49 59 68 23 197 144
54 58 64 49 55 61 60 58 61 23 197 144
55 41 32 49 41 32 49 42 36 23 197 144
55 41 32 58 43 25 62 41 36 23 197 144
55 41 68 49 41 68 49 42 64 23 197 144
55 41 68 58 43 75 62 41 64 23 197 144
55 59 32 49 59 32 49 58 36 23 197 144
55 59 32 58 57 25 62 59 36 23 197 144
55 59 68 49 59 68 49 58 64 23 197 144
55 59 68 58 57 75 62 59 64 23 197 144
56 48 43 56 52 43 59 48 46 23 197 144
56 48 43 53 52 41 59 52 46 23 197 144
56 48 57 56 52 57 59 48 54 23 197 144
56 48 57 53 52 59 59 52 54 23 197 144
56 52 43 56 48 43 59 52 46 23 197 144
56 52 43 53 48 41 60 55 46 23 197 144
56 52 57 56 48 57 59 52 54 23 197 144
56 52 57 53 48 59 53 55 61 23 197 144
57 41 29 54 42 36 59 46 23 23 197 144
57 41 29 49 41 32 62 41 36 23 197 144
57 41 71 54 42 64 59 46 77 23 197 144
57 41 71 49 41 68 62 41 64 23 197 144
57 45 42 60 45 46 53 48 41 23 197 144
57 45 42 60 42 39 59 48 46 23 197 144
57 45 58 53 45 61 53 48 59 23 197 144
57 45 58 60 42 61 59 48 54 23 197 144
57 55 42 53 55 39 53 52 41 23 197 144
57 55 42 60 58 39 59 52 46 23 197 144
57 55 58 60 55 54 53 52 59 23 197 144
57 55 58 60 58 61 59 52 54 23 197 144
57 59 29 54 58 36 59 54 23 23 197 144
57 59 29 49 59 32 62 59 36 23 197 144
57 59 71 54 58 64 59 54 77 23 197 144
57 59 71 49 59 68 62 59 64 23 197 144
58 43 25 59 50 22 55 41 32 23 197 144
58 43 25 48 43 24 48 41 28 23 197 144
58 43 75 59 50 78 55 41 68 23 197 144
58 43 75 48 43 76 48 41 72 23 197 144
58 57 25 59 50 22 55 59 32 23 197 144
58 57 25 48 57 24 48 59 28 23 197 144
58 57 75 59 50 78 55 59 68 23 197 144
58 57 75 48 57 76 48 59 72 23 197 144
59 46 23 59 54 23 57 41 29 23 197 144
59 46 23 55 41 32 58 57 25 23 197 144
59 46 77 59 54 77 57 41 71 23 197 144
59 46 77 55 41 68 58 57 75 23 197 144
59 48 46 60 48 50 56 48 43 23 197 144
59 48 46 61 45 50 57 45 42 23 197 144
59 48 54 60 48 50 56 48 57 23 197 144
59 48 54 57 45 58 61 45 50 23 197 144
59 50 22 58 43 25 58 57 25 23 197 144
59 50 22 57 59 29 57 41 29 23 197 144
59 50 78 58 43 75 58 57 75 23 197 144
59 50 78 57 41 71 57 59 71 23 197 144
59 52 46 60 52 50 56 52 43 23 197 144
59 52 46 61 55 50 57 55 42 23 197 144
59 52 54 60 52 50 56 52 57 23 197 144
59 52 54 61 55 50 57 55 58 23 197 144
59 54 23 59 46 23 57 59 29 23 197 144
59 54 23 55 59 32 58 43 25 23 197 144
59 54 77 59 46 77 57 59 71 23 197 144
59 54 77 55 59 68 58 43 75 23 197 144
60 42 39 63 42 44 54 42 36 23 197 144
60 42 39 60 45 46 53 45 39 23 197 144
60 42 61 63 42 56 54 42 64 23 197 144
60 42 61 53 45 61 60 45 54 23 197 144
60 45 46 63 42 44 60 48 50 23 197 144
60 45 46 57 45 42 56 48 43 23 197 144
60 45 54 63 42 56 60 48 50 23 197 144
60 45 54 57 45 58 56 48 57 23 197 144
60 48 50 59 48 46 59 48 54 23 197 144
60 48 50 60 45 46 60 45 54 23 197 144
60 52 50 59 52 46 59 52 54 23 197 144
60 52 50 60 55 54 60 55 46 23 197 144
60 55 46 63 58 44 57 55 42 23 197 144
60 55 46 60 52 50 56 52 43 23 197 144
60 55 54 63 58 56 57 55 58 23 197 144
60 55 54 60 52 50 56 52 57 23 197 144
60 58 39 63 58 44 54 58 36 23 197 144
60 58 39 53 55 39 60 55 46 23 197 144
60 58 61 63 58 56 54 58 64 23 197 144
60 58 61 53 55 61 60 55 54 23 197 144
61 45 50 60 45 54 64 42 50 23 197 144
61 45 50 59 48 46 59 48 54 23 197 144
61 55 50 60 55 54 65 58 50 23 197 144
61 55 50 59 52 46 59 52 54 23 197 144
62 41 36 67 43 31 54 42 36 23 197 144
62 41 36 55 41 32 63 42 44 23 197 144
62 41 64 67 43 69 54 42 64 23 197 144
62 41 64 55 41 68 63 42 56 23 197 144
62 59 36 67 57 31 54 58 36 23 197 144
62 59 36 55 59 32 63 58 44 23 197 144
62 59 64 67 57 69 55 59 68 23 197 144
62 59 64 54 58 64 63 58 56 23 197 144
63 42 44 60 42 39 64 42 50 23 197 144
63 42 44 61 45 50 57 45 42 23 197 144
63 42 56 60 42 61 64 42 50 23 197 144
63 42 56 57 45 58 61 45 50 23 197 144
63 58 44 60 58 39 65 58 50 23 197 144
63 58 44 61 55 50 57 55 42 23 197 144
63 58 56 60 58 61 65 58 50 23 197 144
63 58 56 57 55 58 61 55 50 23 197 144
64 42 50 63 42 44 63 42 56 23 197 144
64 42 50 60 45 54 60 45 46 23 197 144
65 41 33 69 46 29 60 42 39 23 197 144
65 41 33 57 41 29 71 41 41 23 197 144
65 41 67 69 46 71 60 42 61 23 197 144
65 41 67 57 41 71 71 41 59 23 197 144
65 58 50 63 58 44 63 58 56 23 197 144
65 58 50 60 55 46 60 55 54 23 197 144
65 59 33 69 54 29 60 58 39 23 197 144
65 59 33 57 59 29 71 59 41 23 197 144
65 59 67 69 54 71 60 58 61 23 197 144
65 59 67 57 59 71 71 59 59 23 197 144
67 41 43 68 41 50 64 42 50 23 197 144
67 41 43 74 43 40 60 42 39 23 197 144
67 41 57 68 41 50 64 42 50 23 197 144
67 41 57 74 43 60 60 42 61 23 197 144
67 43 31 62 41 36 70 50 28 23 197 144
67 43 31 57 41 29 60 42 39 23 197 144
67 43 69 62 41 64 70 50 72 23 197 144
67 43 69 57 41 71 60 42 61 23 197 144
67 57 31 62 59 36 70 50 28 23 197 144
67 57 31 57 59 29 60 58 39 23 197 144
67 57 69 62 59 64 70 50 72 23 197 144
67 57 69 57 59 71 60 58 61 23 197 144
67 59 43 68 59 50 65 58 50 23 197 144
67 59 43 74 57 40 60 58 39 23 197 144
67 59 57 68 59 50 65 58 50 23 197 144
67 59 57 74 57 60 60 58 61 23 197 144
68 41 50 67 41 43 67 41 57 23 197 144
68 41 50 63 42 56 63 42 44 23 197 144
68 59 50 67 59 43 67 59 57 23 197 144
68 59 50 63 58 56 63 58 44 23 197 144
69 46 29 65 41 33 69 54 29 23 197 144
69 46 29 62 41 36 67 57 31 23 197 144
69 46 71 65 41 67 69 54 71 23 197 144
69 46 71 62 41 64 67 57 69 23 197 144
69 54 29 65 59 33 69 46 29 23 197 144
69 54 29 62 59 36 67 43 31 23 197 144
69 54 71 65 59 67 69 46 71 23 197 144
69 54 71 62 59 64 67 43 69 23 197 144
70 50 28 67 43 31 67 57 31 23 197 144
70 50 28 65 41 33 65 59 33 23 197 144
70 50 72 67 57 69 67 43 69 23 197 144
70 50 72 65 59 67 65 41 67 23 197 144
71 41 41 76 46 39 63 42 44 23 197 144
71 41 41 73 41 50 68 41 50 23 197 144
71 41 59 76 46 61 63 42 56 23 197 144
71 41 59 73 41 50 68 41 50 23 197 144
71 59 41 76 54 39 63 58 44 23 197 144
71 59 41 73 59 50 68 59 50 23 197 144
71 59 59 76 54 61 63 58 56 23 197 144
71 59 59 73 59 50 68 59 50 23 197 144
73 41 50 79 46 50 64 42 50 23 197 144
73 41 50 67 41 57 67 41 43 23 197 144
73 59 50 65 58 50 67 59 43 23 197 144
73 59 50 67 59 57 71 59 41 23 197 144
74 43 40 77 50 38 67 41 43 23 197 144
74 43 40 76 43 50 73 41 50 23 197 144
74 43 60 77 50 62 67 41 57 23 197 144
74 43 60 76 43 50 73 41 50 23 197 144
74 57 40 77 50 38 67 59 43 23 197 144
74 57 40 76 57 50 73 59 50 23 197 144
74 57 60 67 59 57 77 50 62 23 197 144
74 57 60 76 57 50 73 59 50 23 197 144
76 43 50 79 50 50 68 41 50 23 197 144
76 43 50 74 43 40 74 43 60 23 197 144
76 46 39 71 41 41 76 54 39 23 197 144
76 46 39 67 41 43 74 57 40 23 197 144
76 46 61 71 41 59 76 54 61 23 197 144
76 46 61 67 41 57 74 57 60 23 197 144
76 54 39 71 59 41 76 46 39 23 197 144
76 54 39 67 59 43 74 43 40 23 197 144
76 54 61 71 59 59 76 46 61 23 197 144
76 54 61 67 59 57 74 43 60 23 197 144
76 57 50 68 59 50 74 57 60 23 197 144
76 57 50 74 57 40 71 59 59 23 197 144
77 50 38 74 43 40 74 57 40 23 197 144
77 50 38 71 59 41 71 41 41 23 197 144
77 50 62 74 43 60 74 57 60 23 197 144
77 50 62 71 41 59 71 59 59 23 197 144
79 46 50 73 41 50 76 46 39 23 197 144
79 46 50 76 46 61 76 57 50 23 197 144
79 50 50 76 43 50 73 41 50 23 197 144
79 50 50 73 59 50 76 54 61 23 197 144
79 54 50 79 46 50 76 54 61 23 197 144
79 54 50 76 54 39 76 43 50 23 197 144
