392
76 50 50 74 50 50 67 50 49 17 230 144
76 50 50 69 50 49 67 50 49 140 230 14
74 50 50 71 50 50 65 50 49 17 230 144
74 50 50 67 50 49 65 50 49 140 230 14
71 50 50 67 50 50 62 50 49 17 230 144
71 50 50 65 50 49 62 50 49 140 230 14
67 50 50 63 50 50 60 50 49 17 230 144
67 50 50 62 50 49 60 50 49 140 230 14
63 50 50 60 50 50 57 50 49 17 230 144
63 50 50 60 50 49 57 50 49 140 230 14
60 50 50 59 50 50 56 50 49 17 230 144
60 50 50 57 50 49 56 50 49 140 230 14
59 50 50 59 50 50 56 50 49 17 230 144
59 50 50 56 50 49 56 50 49 140 230 14
59 50 50 60 50 50 57 50 49 17 230 144
59 50 50 56 50 49 57 50 49 140 230 14
60 50 50 63 50 50 60 50 49 17 230 144
60 50 50 57 50 49 60 50 49 140 230 14
63 50 50 67 50 50 62 50 49 17 230 144
63 50 50 60 50 49 62 50 49 140 230 14
67 50 50 71 50 50 65 50 49 17 230 144
67 50 50 62 50 49 65 50 49 140 230 14
71 50 50 74 50 50 67 50 49 17 230 144
71 50 50 65 50 49 67 50 49 140 230 14
74 50 50 76 50 50 69 50 49 17 230 144
74 50 50 67 50 49 69 50 49 140 230 14
76 50 50 77 50 50 70 50 49 17 230 144
76 50 50 69 50 49 70 50 49 140 230 14
69 50 49 67 50 49 58 50 49 17 230 144
69 50 49 59 50 49 58 50 49 140 230 14
67 50 49 65 50 49 57 50 49 17 230 144
67 50 49 58 50 49 57 50 49 140 230 14
65 50 49 62 50 49 55 50 49 17 230 144
65 50 49 57 50 49 55 50 49 140 230 14
62 50 49 60 50 49 54 50 49 17 230 144
62 50 49 55 50 49 54 50 49 140 230 14
60 50 49 57 50 49 53 50 49 17 230 144
60 50 49 54 50 49 53 50 49 140 230 14
57 50 49 56 50 49 53 50 49 17 230 144
57 50 49 53 50 49 53 50 49 140 230 14
56 50 49 56 50 49 53 50 49 17 230 144
56 50 49 53 50 49 53 50 49 140 230 14
56 50 49 57 50 49 53 50 49 17 230 144
56 50 49 53 50 49 53 50 49 140 230 14
57 50 49 60 50 49 54 50 49 17 230 144
57 50 49 53 50 49 54 50 49 140 230 14
60 50 49 62 50 49 55 50 49 17 230 144
60 50 49 54 50 49 55 50 49 140 230 14
62 50 49 65 50 49 57 50 49 17 230 144
62 50 49 55 50 49 57 50 49 140 230 14
65 50 49 67 50 49 58 50 49 17 230 144
65 50 49 57 50 49 58 50 49 140 230 14
67 50 49 69 50 49 59 50 49 17 230 144
67 50 49 58 50 49 59 50 49 140 230 14
69 50 49 70 50 49 59 50 49 17 230 144
69 50 49 59 50 49 59 50 49 140 230 14
59 50 49 58 50 49 48 50 50 17 230 144
59 50 49 47 50 50 48 50 50 140 230 14
58 50 49 57 50 49 48 50 50 17 230 144
58 50 49 48 50 50 48 50 50 140 230 14
57 50 49 55 50 49 49 50 50 17 230 144
57 50 49 48 50 50 49 50 50 140 230 14
55 50 49 54 50 49 49 50 50 17 230 144
55 50 49 49 50 50 49 50 50 140 230 14
54 50 49 53 50 49 49 50 50 17 230 144
54 50 49 49 50 50 49 50 50 140 230 14
53 50 49 53 50 49 49 50 50 17 230 144
53 50 49 49 50 50 49 50 50 140 230 14
53 50 49 53 50 49 49 50 50 17 230 144
53 50 49 49 50 50 49 50 50 140 230 14
53 50 49 53 50 49 49 50 50 17 230 144
53 50 49 49 50 50 49 50 50 140 230 14
53 50 49 54 50 49 49 50 50 17 230 144
53 50 49 49 50 50 49 50 50 140 230 14
54 50 49 55 50 49 49 50 50 17 230 144
54 50 49 49 50 50 49 50 50 140 230 14
55 50 49 57 50 49 48 50 50 17 230 144
55 50 49 49 50 50 48 50 50 140 230 14
57 50 49 58 50 49 48 50 50 17 230 144
57 50 49 48 50 50 48 50 50 140 230 14
58 50 49 59 50 49 47 50 50 17 230 144
58 50 49 48 50 50 47 50 50 140 230 14
59 50 49 59 50 49 47 50 50 17 230 144
59 50 49 47 50 50 47 50 50 140 230 14
47 50 50 48 50 50 37 50 50 17 230 144
47 50 50 36 50 50 37 50 50 140 230 14
48 50 50 48 50 50 39 50 50 17 230 144
48 50 50 37 50 50 39 50 50 140 230 14
48 50 50 49 50 50 41 50 50 17 230 144
48 50 50 39 50 50 41 50 50 140 230 14
49 50 50 49 50 50 43 50 50 17 230 144
49 50 50 41 50 50 43 50 50 140 230 14
49 50 50 49 50 50 45 50 50 17 230 144
49 50 50 43 50 50 45 50 50 140 230 14
49 50 50 49 50 50 45 50 50 17 230 144
49 50 50 45 50 50 45 50 50 140 230 14
49 50 50 49 50 50 45 50 50 17 230 144
49 50 50 45 50 50 45 50 50 140 230 14
49 50 50 49 50 50 45 50 50 17 230 144
49 50 50 45 50 50 45 50 50 140 230 14
49 50 50 49 50 50 43 50 50 17 230 144
49 50 50 45 50 50 43 50 50 140 230 14
49 50 50 49 50 50 41 50 50 17 230 144
49 50 50 43 50 50 41 50 50 140 230 14
49 50 50 48 50 50 39 50 50 17 230 144
49 50 50 41 50 50 39 50 50 140 230 14
48 50 50 48 50 50 37 50 50 17 230 144
48 50 50 39 50 50 37 50 50 140 230 14
48 50 50 47 50 50 36 50 50 17 230 144
48 50 50 37 50 50 36 50 50 140 230 14
47 50 50 47 50 50 36 50 50 17 230 144
47 50 50 36 50 50 36 50 50 140 230 14
36 50 50 37 50 50 29 50 50 17 230 144
36 50 50 27 50 50 29 50 50 140 230 14
37 50 50 39 50 50 32 50 50 17 230 144
37 50 50 29 50 50 32 50 50 140 230 14
39 50 50 41 50 50 35 50 50 17 230 144
39 50 50 32 50 50 35 50 50 140 230 14
41 50 50 43 50 50 38 50 50 17 230 144
41 50 50 35 50 50 38 50 50 140 230 14
43 50 50 45 50 50 41 50 50 17 230 144
43 50 50 38 50 50 41 50 50 140 230 14
45 50 50 45 50 50 42 50 50 17 230 144
45 50 50 41 50 50 42 50 50 140 230 14
45 50 50 45 50 50 42 50 50 17 230 144
45 50 50 42 50 50 42 50 50 140 230 14
45 50 50 45 50 50 41 50 50 17 230 144
45 50 50 42 50 50 41 50 50 140 230 14
45 50 50 43 50 50 38 50 50 17 230 144
45 50 50 41 50 50 38 50 50 140 230 14
43 50 50 41 50 50 35 50 50 17 230 144
43 50 50 38 50 50 35 50 50 140 230 14
41 50 50 39 50 50 32 50 50 17 230 144
41 50 50 35 50 50 32 50 50 140 230 14
39 50 50 37 50 50 29 50 50 17 230 144
39 50 50 32 50 50 29 50 50 140 230 14
37 50 50 36 50 50 27 50 50 17 230 144
37 50 50 29 50 50 27 50 50 140 230 14
36 50 50 36 50 50 26 50 50 17 230 144
36 50 50 27 50 50 26 50 50 140 230 14
27 50 50 29 50 50 24 50 50 17 230 144
27 50 50 22 50 50 24 50 50 140 230 14
29 50 50 32 50 50 28 50 50 17 230 144
29 50 50 24 50 50 28 50 50 140 230 14
32 50 50 35 50 50 32 50 50 17 230 144
32 50 50 28 50 50 32 50 50 140 230 14
35 50 50 38 50 50 36 50 50 17 230 144
35 50 50 32 50 50 36 50 50 140 230 14
38 50 50 41 50 50 39 50 50 17 230 144
38 50 50 36 50 50 39 50 50 140 230 14
41 50 50 42 50 50 41 50 50 17 230 144
41 50 50 39 50 50 41 50 50 140 230 14
42 50 50 42 50 50 41 50 50 17 230 144
42 50 50 41 50 50 41 50 50 140 230 14
42 50 50 41 50 50 39 50 50 17 230 144
42 50 50 41 50 50 39 50 50 140 230 14
41 50 50 38 50 50 36 50 50 17 230 144
41 50 50 39 50 50 36 50 50 140 230 14
38 50 50 35 50 50 32 50 50 17 230 144
38 50 50 36 50 50 32 50 50 140 230 14
35 50 50 32 50 50 28 50 50 17 230 144
35 50 50 32 50 50 28 50 50 140 230 14
32 50 50 29 50 50 24 50 50 17 230 144
32 50 50 28 50 50 24 50 50 140 230 14
29 50 50 27 50 50 22 50 50 17 230 144
29 50 50 24 50 50 22 50 50 140 230 14
27 50 50 26 50 50 21 50 50 17 230 144
27 50 50 22 50 50 21 50 50 140 230 14
22 50 50 24 50 50 24 50 50 17 230 144
22 50 50 22 50 50 24 50 50 140 230 14
24 50 50 28 50 50 28 50 50 17 230 144
24 50 50 24 50 50 28 50 50 140 230 14
28 50 50 32 50 50 32 50 50 17 230 144
28 50 50 28 50 50 32 50 50 140 230 14
32 50 50 36 50 50 36 50 50 17 230 144
32 50 50 32 50 50 36 50 50 140 230 14
36 50 50 39 50 50 39 50 50 17 230 144
36 50 50 36 50 50 39 50 50 140 230 14
39 50 50 41 50 50 41 50 50 17 230 144
39 50 50 39 50 50 41 50 50 140 230 14
41 50 50 41 50 50 41 50 50 17 230 144
41 50 50 41 50 50 41 50 50 140 230 14
41 50 50 39 50 50 39 50 50 17 230 144
41 50 50 41 50 50 39 50 50 140 230 14
39 50 50 36 50 50 36 50 50 17 230 144
39 50 50 39 50 50 36 50 50 140 230 14
36 50 50 32 50 50 32 50 50 17 230 144
36 50 50 36 50 50 32 50 50 140 230 14
32 50 50 28 50 50 28 50 50 17 230 144
32 50 50 32 50 50 28 50 50 140 230 14
28 50 50 24 50 50 24 50 50 17 230 144
28 50 50 28 50 50 24 50 50 140 230 14
24 50 50 22 50 50 22 50 50 17 230 144
24 50 50 24 50 50 22 50 50 140 230 14
22 50 50 21 50 50 21 50 50 17 230 144
22 50 50 22 50 50 21 50 50 140 230 14
22 50 50 24 50 50 29 50 50 17 230 144
22 50 50 27 50 50 29 50 50 140 230 14
24 50 50 28 50 50 32 50 50 17 230 144
24 50 50 29 50 50 32 50 50 140 230 14
28 50 50 32 50 50 35 50 50 17 230 144
28 50 50 32 50 50 35 50 50 140 230 14
32 50 50 36 50 50 38 50 50 17 230 144
32 50 50 35 50 50 38 50 50 140 230 14
36 50 50 39 50 50 41 50 50 17 230 144
36 50 50 38 50 50 41 50 50 140 230 14
39 50 50 41 50 50 42 50 50 17 230 144
39 50 50 41 50 50 42 50 50 140 230 14
41 50 50 41 50 50 42 50 50 17 230 144
41 50 50 42 50 50 42 50 50 140 230 14
41 50 50 39 50 50 41 50 50 17 230 144
41 50 50 42 50 50 41 50 50 140 230 14
39 50 50 36 50 50 38 50 50 17 230 144
39 50 50 41 50 50 38 50 50 140 230 14
36 50 50 32 50 50 35 50 50 17 230 144
36 50 50 38 50 50 35 50 50 140 230 14
32 50 50 28 50 50 32 50 50 17 230 144
32 50 50 35 50 50 32 50 50 140 230 14
28 50 50 24 50 50 29 50 50 17 230 144
28 50 50 32 50 50 29 50 50 140 230 14
24 50 50 22 50 50 27 50 50 17 230 144
24 50 50 29 50 50 27 50 50 140 230 14
22 50 50 21 50 50 26 50 50 17 230 144
22 50 50 27 50 50 26 50 50 140 230 14
27 50 50 29 50 50 37 50 50 17 230 144
27 50 50 36 50 50 37 50 50 140 230 14
29 50 50 32 50 50 39 50 50 17 230 144
29 50 50 37 50 50 39 50 50 140 230 14
32 50 50 35 50 50 41 50 50 17 230 144
32 50 50 39 50 50 41 50 50 140 230 14
35 50 50 38 50 50 43 50 50 17 230 144
35 50 50 41 50 50 43 50 50 140 230 14
38 50 50 41 50 50 45 50 50 17 230 144
38 50 50 43 50 50 45 50 50 140 230 14
41 50 50 42 50 50 45 50 50 17 230 144
41 50 50 45 50 50 45 50 50 140 230 14
42 50 50 42 50 50 45 50 50 17 230 144
42 50 50 45 50 50 45 50 50 140 230 14
42 50 50 41 50 50 45 50 50 17 230 144
42 50 50 45 50 50 45 50 50 140 230 14
41 50 50 38 50 50 43 50 50 17 230 144
41 50 50 45 50 50 43 50 50 140 230 14
38 50 50 35 50 50 41 50 50 17 230 144
38 50 50 43 50 50 41 50 50 140 230 14
35 50 50 32 50 50 39 50 50 17 230 144
35 50 50 41 50 50 39 50 50 140 230 14
32 50 50 29 50 50 37 50 50 17 230 144
32 50 50 39 50 50 37 50 50 140 230 14
29 50 50 27 50 50 36 50 50 17 230 144
29 50 50 37 50 50 36 50 50 140 230 14
27 50 50 26 50 50 35 50 50 17 230 144
27 50 50 36 50 50 35 50 50 140 230 14
36 50 50 37 50 50 48 50 50 17 230 144
36 50 50 47 50 50 48 50 50 140 230 14
37 50 50 39 50 50 48 50 50 17 230 144
37 50 50 48 50 50 48 50 50 140 230 14
39 50 50 41 50 50 49 50 50 17 230 144
39 50 50 48 50 50 49 50 50 140 230 14
41 50 50 43 50 50 49 50 50 17 230 144
41 50 50 49 50 50 49 50 50 140 230 14
43 50 50 45 50 50 49 50 50 17 230 144
43 50 50 49 50 50 49 50 50 140 230 14
45 50 50 45 50 50 49 50 50 17 230 144
45 50 50 49 50 50 49 50 50 140 230 14
45 50 50 45 50 50 49 50 50 17 230 144
45 50 50 49 50 50 49 50 50 140 230 14
45 50 50 45 50 50 49 50 50 17 230 144
45 50 50 49 50 50 49 50 50 140 230 14
45 50 50 43 50 50 49 50 50 17 230 144
45 50 50 49 50 50 49 50 50 140 230 14
43 50 50 41 50 50 49 50 50 17 230 144
43 50 50 49 50 50 49 50 50 140 230 14
41 50 50 39 50 50 48 50 50 17 230 144
41 50 50 49 50 50 48 50 50 140 230 14
39 50 50 37 50 50 48 50 50 17 230 144
39 50 50 48 50 50 48 50 50 140 230 14
37 50 50 36 50 50 47 50 50 17 230 144
37 50 50 48 50 50 47 50 50 140 230 14
36 50 50 35 50 50 47 50 50 17 230 144
36 50 50 47 50 50 47 50 50 140 230 14
47 50 50 48 50 50 58 50 51 17 230 144
47 50 50 59 50 51 58 50 51 140 230 14
48 50 50 48 50 50 57 50 51 17 230 144
48 50 50 58 50 51 57 50 51 140 230 14
48 50 50 49 50 50 55 50 51 17 230 144
48 50 50 57 50 51 55 50 51 140 230 14
49 50 50 49 50 50 54 50 51 17 230 144
49 50 50 55 50 51 54 50 51 140 230 14
49 50 50 49 50 50 53 50 51 17 230 144
49 50 50 54 50 51 53 50 51 140 230 14
49 50 50 49 50 50 53 50 51 17 230 144
49 50 50 53 50 51 53 50 51 140 230 14
49 50 50 49 50 50 53 50 51 17 230 144
49 50 50 53 50 51 53 50 51 140 230 14
49 50 50 49 50 50 53 50 51 17 230 144
49 50 50 53 50 51 53 50 51 140 230 14
49 50 50 49 50 50 54 50 51 17 230 144
49 50 50 53 50 51 54 50 51 140 230 14
49 50 50 49 50 50 55 50 51 17 230 144
49 50 50 54 50 51 55 50 51 140 230 14
49 50 50 48 50 50 57 50 51 17 230 144
49 50 50 55 50 51 57 50 51 140 230 14
48 50 50 48 50 50 58 50 51 17 230 144
48 50 50 57 50 51 58 50 51 140 230 14
48 50 50 47 50 50 59 50 51 17 230 144
48 50 50 58 50 51 59 50 51 140 230 14
47 50 50 47 50 50 59 50 51 17 230 144
47 50 50 59 50 51 59 50 51 140 230 14
59 50 51 58 50 51 67 50 51 17 230 144
59 50 51 69 50 51 67 50 51 140 230 14
58 50 51 57 50 51 65 50 51 17 230 144
58 50 51 67 50 51 65 50 51 140 230 14
57 50 51 55 50 51 62 50 51 17 230 144
57 50 51 65 50 51 62 50 51 140 230 14
55 50 51 54 50 51 60 50 51 17 230 144
55 50 51 62 50 51 60 50 51 140 230 14
54 50 51 53 50 51 57 50 51 17 230 144
54 50 51 60 50 51 57 50 51 140 230 14
53 50 51 53 50 51 56 50 51 17 230 144
53 50 51 57 50 51 56 50 51 140 230 14
53 50 51 53 50 51 56 50 51 17 230 144
53 50 51 56 50 51 56 50 51 140 230 14
53 50 51 53 50 51 57 50 51 17 230 144
53 50 51 56 50 51 57 50 51 140 230 14
53 50 51 54 50 51 60 50 51 17 230 144
53 50 51 57 50 51 60 50 51 140 230 14
54 50 51 55 50 51 62 50 51 17 230 144
54 50 51 60 50 51 62 50 51 140 230 14
55 50 51 57 50 51 65 50 51 17 230 144
55 50 51 62 50 51 65 50 51 140 230 14
57 50 51 58 50 51 67 50 51 17 230 144
57 50 51 65 50 51 67 50 51 140 230 14
58 50 51 59 50 51 69 50 51 17 230 144
58 50 51 67 50 51 69 50 51 140 230 14
59 50 51 59 50 51 70 50 51 17 230 144
59 50 51 69 50 51 70 50 51 140 230 14
69 50 51 67 50 51 74 50 50 17 230 144
69 50 51 76 50 50 74 50 50 140 230 14
67 50 51 65 50 51 71 50 50 17 230 144
67 50 51 74 50 50 71 50 50 140 230 14
65 50 51 62 50 51 67 50 50 17 230 144
65 50 51 71 50 50 67 50 50 140 230 14
62 50 51 60 50 51 63 50 50 17 230 144
62 50 51 67 50 50 63 50 50 140 230 14
60 50 51 57 50 51 60 50 50 17 230 144
60 50 51 63 50 50 60 50 50 140 230 14
57 50 51 56 50 51 59 50 50 17 230 144
57 50 51 60 50 50 59 50 50 140 230 14
56 50 51 56 50 51 59 50 50 17 230 144
56 50 51 59 50 50 59 50 50 140 230 14
56 50 51 57 50 51 60 50 50 17 230 144
56 50 51 59 50 50 60 50 50 140 230 14
57 50 51 60 50 51 63 50 50 17 230 144
57 50 51 60 50 50 63 50 50 140 230 14
60 50 51 62 50 51 67 50 50 17 230 144
60 50 51 63 50 50 67 50 50 140 230 14
62 50 51 65 50 51 71 50 50 17 230 144
62 50 51 67 50 50 71 50 50 140 230 14
65 50 51 67 50 51 74 50 50 17 230 144
65 50 51 71 50 50 74 50 50 140 230 14
67 50 51 69 50 51 76 50 50 17 230 144
67 50 51 74 50 50 76 50 50 140 230 14
69 50 51 70 50 51 77 50 50 17 230 144
69 50 51 76 50 50 77 50 50 140 230 14
76 50 50 74 50 50 76 50 50 17 230 144
76 50 50 79 50 50 76 50 50 140 230 14
74 50 50 71 50 50 73 50 50 17 230 144
74 50 50 76 50 50 73 50 50 140 230 14
71 50 50 67 50 50 68 50 50 17 230 144
71 50 50 73 50 50 68 50 50 140 230 14
67 50 50 63 50 50 65 50 50 17 230 144
67 50 50 68 50 50 65 50 50 140 230 14
63 50 50 60 50 50 61 50 50 17 230 144
63 50 50 65 50 50 61 50 50 140 230 14
60 50 50 59 50 50 60 50 50 17 230 144
60 50 50 61 50 50 60 50 50 140 230 14
59 50 50 59 50 50 60 50 50 17 230 144
59 50 50 60 50 50 60 50 50 140 230 14
59 50 50 60 50 50 61 50 50 17 230 144
59 50 50 60 50 50 61 50 50 140 230 14
60 50 50 63 50 50 64 50 50 17 230 144
60 50 50 61 50 50 64 50 50 140 230 14
63 50 50 67 50 50 68 50 50 17 230 144
63 50 50 64 50 50 68 50 50 140 230 14
67 50 50 71 50 50 73 50 50 17 230 144
67 50 50 68 50 50 73 50 50 140 230 14
71 50 50 74 50 50 76 50 50 17 230 144
71 50 50 73 50 50 76 50 50 140 230 14
74 50 50 76 50 50 79 50 50 17 230 144
74 50 50 76 50 50 79 50 50 140 230 14
76 50 50 77 50 50 79 50 50 17 230 144
76 50 50 79 50 50 79 50 50 140 230 14
