450
80 50 50 77.4064 50 37.7979 76.6166 54.0674 38.1496 0 255 0
80 50 50 79.1355 54.0674 50 76.6166 54.0674 38.1496 0 255 0
79.1355 54.0674 50 76.6166 54.0674 38.1496 74.3837 57.4314 39.1437 0 255 0
79.1355 54.0674 50 76.6913 57.4314 50 74.3837 57.4314 39.1437 0 255 0
76.6913 57.4314 50 74.3837 57.4314 39.1437 71.0939 59.5106 40.6084 0 255 0
76.6913 57.4314 50 73.0902 59.5106 50 71.0939 59.5106 40.6084 0 255 0
73.0902 59.5106 50 71.0939 59.5106 40.6084 67.316 59.9452 42.2904 0 255 0
73.0902 59.5106 50 68.9547 59.9452 50 67.316 59.9452 42.2904 0 255 0
68.9547 59.9452 50 67.316 59.9452 42.2904 63.7032 58.6603 43.8989 0 255 0
68.9547 59.9452 50 65 58.6603 50 63.7032 58.6603 43.8989 0 255 0
65 58.6603 50 63.7032 58.6603 43.8989 60.8802 55.8779 45.1558 0 255 0
65 58.6603 50 61.9098 55.8779 50 60.8802 55.8779 45.1558 0 255 0
61.9098 55.8779 50 60.8802 55.8779 45.1558 59.3351 52.0791 45.8438 0 255 0
61.9098 55.8779 50 60.2185 52.0791 50 59.3351 52.0791 45.8438 0 255 0
60.2185 52.0791 50 59.3351 52.0791 45.8438 59.3351 47.9209 45.8438 0 255 0
60.2185 52.0791 50 60.2185 47.9209 50 59.3351 47.9209 45.8438 0 255 0
60.2185 47.9209 50 59.3351 47.9209 45.8438 60.8802 44.1222 45.1558 0 255 0
60.2185 47.9209 50 61.9098 44.1222 50 60.8802 44.1222 45.1558 0 255 0
61.9098 44.1222 50 60.8802 44.1222 45.1558 63.7032 41.3398 43.899 0 255 0
61.9098 44.1222 50 65 41.3398 50 63.7032 41.3398 43.899 0 255 0
65 41.3398 50 63.7032 41.3398 43.899 67.316 40.0548 42.2904 0 255 0
65 41.3398 50 68.9547 40.0548 50 67.316 40.0548 42.2904 0 255 0
68.9547 40.0548 50 67.316 40.0548 42.2904 71.0939 40.4894 40.6084 0 255 0
68.9547 40.0548 50 73.0901 40.4894 50 71.0939 40.4894 40.6084 0 255 0
73.0901 40.4894 50 71.0939 40.4894 40.6084 74.3837 42.5685 39.1437 0 255 0
73.0901 40.4894 50 76.6913 42.5685 50 74.3837 42.5685 39.1437 0 255 0
76.6913 42.5685 50 74.3837 42.5685 39.1437 76.6165 45.9326 38.1496 0 255 0
76.6913 42.5685 50 79.1354 45.9326 50 76.6165 45.9326 38.1496 0 255 0
79.1354 45.9326 50 76.6165 45.9326 38.1496 77.4064 49.9999 37.7979 0 255 0
79.1354 45.9326 50 80 49.9999 50 77.4064 49.9999 37.7979 0 255 0
77.4064 50 37.7979 70.0739 50 27.7057 69.4954 54.0674 28.3482 0 255 0
77.4064 50 37.7979 76.6166 54.0674 38.1496 69.4954 54.0674 28.3482 0 255 0
76.6166 54.0674 38.1496 69.4954 54.0674 28.3482 67.86 57.4314 30.1645 0 255 0
76.6166 54.0674 38.1496 74.3837 57.4314 39.1437 67.86 57.4314 30.1645 0 255 0
74.3837 57.4314 39.1437 67.86 57.4314 30.1645 65.4504 59.5106 32.8407 0 255 0
74.3837 57.4314 39.1437 71.0939 59.5106 40.6084 65.4504 59.5106 32.8407 0 255 0
71.0939 59.5106 40.6084 65.4504 59.5106 32.8407 62.6832 59.9452 35.9139 0 255 0
71.0939 59.5106 40.6084 67.316 59.9452 42.2904 62.6832 59.9452 35.9139 0 255 0
67.316 59.9452 42.2904 62.6832 59.9452 35.9139 60.037 58.6603 38.8528 0 255 0
67.316 59.9452 42.2904 63.7032 58.6603 43.8989 60.037 58.6603 38.8528 0 255 0
63.7032 58.6603 43.8989 60.037 58.6603 38.8528 57.9692 55.8779 41.1493 0 255 0
63.7032 58.6603 43.8989 60.8802 55.8779 45.1558 57.9692 55.8779 41.1493 0 255 0
60.8802 55.8779 45.1558 57.9692 55.8779 41.1493 56.8375 52.0791 42.4062 0 255 0
60.8802 55.8779 45.1558 59.3351 52.0791 45.8438 56.8375 52.0791 42.4062 0 255 0
59.3351 52.0791 45.8438 56.8375 52.0791 42.4062 56.8375 47.9209 42.4062 0 255 0
59.3351 52.0791 45.8438 59.3351 47.9209 45.8438 56.8375 47.9209 42.4062 0 255 0
59.3351 47.9209 45.8438 56.8375 47.9209 42.4062 57.9692 44.1222 41.1493 0 255 0
59.3351 47.9209 45.8438 60.8802 44.1222 45.1558 57.9692 44.1222 41.1493 0 255 0
60.8802 44.1222 45.1558 57.9692 44.1222 41.1493 60.0369 41.3398 38.8529 0 255 0
60.8802 44.1222 45.1558 63.7032 41.3398 43.899 60.0369 41.3398 38.8529 0 255 0
63.7032 41.3398 43.899 60.0369 41.3398 38.8529 62.6832 40.0548 35.9139 0 255 0
63.7032 41.3398 43.899 67.316 40.0548 42.2904 62.6832 40.0548 35.9139 0 255 0
67.316 40.0548 42.2904 62.6832 40.0548 35.9139 65.4503 40.4894 32.8407 0 255 0
67.316 40.0548 42.2904 71.0939 40.4894 40.6084 65.4503 40.4894 32.8407 0 255 0
71.0939 40.4894 40.6084 65.4503 40.4894 32.8407 67.86 42.5685 30.1645 0 255 0
71.0939 40.4894 40.6084 74.3837 42.5685 39.1437 67.86 42.5685 30.1645 0 255 0
74.3837 42.5685 39.1437 67.86 42.5685 30.1645 69.4954 45.9326 28.3482 0 255 0
74.3837 42.5685 39.1437 76.6165 45.9326 38.1496 69.4954 45.9326 28.3482 0 255 0
76.6165 45.9326 38.1496 69.4954 45.9326 28.3482 70.0739 49.9999 27.7057 0 255 0
76.6165 45.9326 38.1496 77.4064 49.9999 37.7979 70.0739 49.9999 27.7057 0 255 0
70.0739 50 27.7057 59.2705 50 21.4683 59.0034 54.0674 22.2905 0 255 0
70.0739 50 27.7057 69.4954 54.0674 28.3482 59.0034 54.0674 22.2905 0 255 0
69.4954 54.0674 28.3482 59.0034 54.0674 22.2905 58.2481 57.4314 24.6151 0 255 0
69.4954 54.0674 28.3482 67.86 57.4314 30.1645 58.2481 57.4314 24.6151 0 255 0
67.86 57.4314 30.1645 58.2481 57.4314 24.6151 57.1353 59.5106 28.0399 0 255 0
67.86 57.4314 30.1645 65.4504 59.5106 32.8407 57.1353 59.5106 28.0399 0 255 0
65.4504 59.5106 32.8407 57.1353 59.5106 28.0399 55.8574 59.9452 31.973 0 255 0
65.4504 59.5106 32.8407 62.6832 59.9452 35.9139 55.8574 59.9452 31.973 0 255 0
62.6832 59.9452 35.9139 55.8574 59.9452 31.973 54.6353 58.6603 35.7341 0 255 0
62.6832 59.9452 35.9139 60.037 58.6603 38.8528 54.6353 58.6603 35.7341 0 255 0
60.037 58.6603 38.8528 54.6353 58.6603 35.7341 53.6804 55.8779 38.6731 0 255 0
60.037 58.6603 38.8528 57.9692 55.8779 41.1493 53.6804 55.8779 38.6731 0 255 0
57.9692 55.8779 41.1493 53.6804 55.8779 38.6731 53.1577 52.0791 40.2816 0 255 0
57.9692 55.8779 41.1493 56.8375 52.0791 42.4062 53.1577 52.0791 40.2816 0 255 0
56.8375 52.0791 42.4062 53.1577 52.0791 40.2816 53.1577 47.9209 40.2816 0 255 0
56.8375 52.0791 42.4062 56.8375 47.9209 42.4062 53.1577 47.9209 40.2816 0 255 0
56.8375 47.9209 42.4062 53.1577 47.9209 40.2816 53.6803 44.1222 38.6731 0 255 0
56.8375 47.9209 42.4062 57.9692 44.1222 41.1493 53.6803 44.1222 38.6731 0 255 0
57.9692 44.1222 41.1493 53.6803 44.1222 38.6731 54.6353 41.3398 35.7342 0 255 0
57.9692 44.1222 41.1493 60.0369 41.3398 38.8529 54.6353 41.3398 35.7342 0 255 0
60.0369 41.3398 38.8529 54.6353 41.3398 35.7342 55.8573 40.0548 31.973 0 255 0
60.0369 41.3398 38.8529 62.6832 40.0548 35.9139 55.8573 40.0548 31.973 0 255 0
62.6832 40.0548 35.9139 55.8573 40.0548 31.973 57.1353 40.4894 28.04 0 255 0
62.6832 40.0548 35.9139 65.4503 40.4894 32.8407 57.1353 40.4894 28.04 0 255 0
65.4503 40.4894 32.8407 57.1353 40.4894 28.04 58.2481 42.5685 24.6151 0 255 0
65.4503 40.4894 32.8407 67.86 42.5685 30.1645 58.2481 42.5685 24.6151 0 255 0
67.86 42.5685 30.1645 58.2481 42.5685 24.6151 59.0034 45.9326 22.2906 0 255 0
67.86 42.5685 30.1645 69.4954 45.9326 28.3482 59.0034 45.9326 22.2906 0 255 0
69.4954 45.9326 28.3482 59.0034 45.9326 22.2906 59.2705 49.9999 21.4683 0 255 0
69.4954 45.9326 28.3482 70.0739 49.9999 27.7057 59.2705 49.9999 21.4683 0 255 0
59.2705 50 21.4683 46.8642 50 20.1643 46.9546 54.0674 21.0241 0 255 0
59.2705 50 21.4683 59.0034 54.0674 22.2905 46.9546 54.0674 21.0241 0 255 0
59.0034 54.0674 22.2905 46.9546 54.0674 21.0241 47.21 57.4314 23.4549 0 255 0
59.0034 54.0674 22.2905 58.2481 57.4314 24.6151 47.21 57.4314 23.4549 0 255 0
58.2481 57.4314 24.6151 47.21 57.4314 23.4549 47.5865 59.5106 27.0363 0 255 0
58.2481 57.4314 24.6151 57.1353 59.5106 28.0399 47.5865 59.5106 27.0363 0 255 0
57.1353 59.5106 28.0399 47.5865 59.5106 27.0363 48.0187 59.9452 31.1491 0 255 0
57.1353 59.5106 28.0399 55.8574 59.9452 31.973 48.0187 59.9452 31.1491 0 255 0
55.8574 59.9452 31.973 48.0187 59.9452 31.1491 48.4321 58.6603 35.0822 0 255 0
55.8574 59.9452 31.973 54.6353 58.6603 35.7341 48.4321 58.6603 35.0822 0 255 0
54.6353 58.6603 35.7341 48.4321 58.6603 35.0822 48.7551 55.8779 38.1554 0 255 0
54.6353 58.6603 35.7341 53.6804 55.8779 38.6731 48.7551 55.8779 38.1554 0 255 0
53.6804 55.8779 38.6731 48.7551 55.8779 38.1554 48.9319 52.0791 39.8374 0 255 0
53.6804 55.8779 38.6731 53.1577 52.0791 40.2816 48.9319 52.0791 39.8374 0 255 0
53.1577 52.0791 40.2816 48.9319 52.0791 39.8374 48.9319 47.9209 39.8375 0 255 0
53.1577 52.0791 40.2816 53.1577 47.9209 40.2816 48.9319 47.9209 39.8375 0 255 0
53.1577 47.9209 40.2816 48.9319 47.9209 39.8375 48.7551 44.1222 38.1554 0 255 0
53.1577 47.9209 40.2816 53.6803 44.1222 38.6731 48.7551 44.1222 38.1554 0 255 0
53.6803 44.1222 38.6731 48.7551 44.1222 38.1554 48.4321 41.3398 35.0822 0 255 0
53.6803 44.1222 38.6731 54.6353 41.3398 35.7342 48.4321 41.3398 35.0822 0 255 0
54.6353 41.3398 35.7342 48.4321 41.3398 35.0822 48.0187 40.0548 31.1492 0 255 0
54.6353 41.3398 35.7342 55.8573 40.0548 31.973 48.0187 40.0548 31.1492 0 255 0
55.8573 40.0548 31.973 48.0187 40.0548 31.1492 47.5865 40.4894 27.0364 0 255 0
55.8573 40.0548 31.973 57.1353 40.4894 28.04 47.5865 40.4894 27.0364 0 255 0
57.1353 40.4894 28.04 47.5865 40.4894 27.0364 47.21 42.5685 23.4549 0 255 0
57.1353 40.4894 28.04 58.2481 42.5685 24.6151 47.21 42.5685 23.4549 0 255 0
58.2481 42.5685 24.6151 47.21 42.5685 23.4549 46.9546 45.9326 21.0242 0 255 0
58.2481 42.5685 24.6151 59.0034 45.9326 22.2906 46.9546 45.9326 21.0242 0 255 0
59.0034 45.9326 22.2906 46.9546 45.9326 21.0242 46.8642 49.9999 20.1643 0 255 0
59.0034 45.9326 22.2906 59.2705 49.9999 21.4683 46.8642 49.9999 20.1643 0 255 0
46.8642 50 20.1643 35 50 24.0192 35.4323 54.0674 24.7679 0 255 0
46.8642 50 20.1643 46.9546 54.0674 21.0241 35.4323 54.0674 24.7679 0 255 0
46.9546 54.0674 21.0241 35.4323 54.0674 24.7679 36.6544 57.4314 26.8846 0 255 0
46.9546 54.0674 21.0241 47.21 57.4314 23.4549 36.6544 57.4314 26.8846 0 255 0
47.21 57.4314 23.4549 36.6544 57.4314 26.8846 38.4549 59.5106 30.0033 0 255 0
47.21 57.4314 23.4549 47.5865 59.5106 27.0363 38.4549 59.5106 30.0033 0 255 0
47.5865 59.5106 27.0363 38.4549 59.5106 30.0033 40.5227 59.9452 33.5847 0 255 0
47.5865 59.5106 27.0363 48.0187 59.9452 31.1491 40.5227 59.9452 33.5847 0 255 0
48.0187 59.9452 31.1491 40.5227 59.9452 33.5847 42.5 58.6603 37.0096 0 255 0
48.0187 59.9452 31.1491 48.4321 58.6603 35.0822 42.5 58.6603 37.0096 0 255 0
48.4321 58.6603 35.0822 42.5 58.6603 37.0096 44.0451 55.8779 39.6858 0 255 0
48.4321 58.6603 35.0822 48.7551 55.8779 38.1554 44.0451 55.8779 39.6858 0 255 0
48.7551 55.8779 38.1554 44.0451 55.8779 39.6858 44.8908 52.0791 41.1505 0 255 0
48.7551 55.8779 38.1554 48.9319 52.0791 39.8374 44.8908 52.0791 41.1505 0 255 0
48.9319 52.0791 39.8374 44.8908 52.0791 41.1505 44.8908 47.9209 41.1505 0 255 0
48.9319 52.0791 39.8374 48.9319 47.9209 39.8375 44.8908 47.9209 41.1505 0 255 0
48.9319 47.9209 39.8375 44.8908 47.9209 41.1505 44.0451 44.1222 39.6858 0 255 0
48.9319 47.9209 39.8375 48.7551 44.1222 38.1554 44.0451 44.1222 39.6858 0 255 0
48.7551 44.1222 38.1554 44.0451 44.1222 39.6858 42.5 41.3398 37.0096 0 255 0
48.7551 44.1222 38.1554 48.4321 41.3398 35.0822 42.5 41.3398 37.0096 0 255 0
48.4321 41.3398 35.0822 42.5 41.3398 37.0096 40.5227 40.0548 33.5848 0 255 0
48.4321 41.3398 35.0822 48.0187 40.0548 31.1492 40.5227 40.0548 33.5848 0 255 0
48.0187 40.0548 31.1492 40.5227 40.0548 33.5848 38.455 40.4894 30.0033 0 255 0
48.0187 40.0548 31.1492 47.5865 40.4894 27.0364 38.455 40.4894 30.0033 0 255 0
47.5865 40.4894 27.0364 38.455 40.4894 30.0033 36.6544 42.5685 26.8847 0 255 0
47.5865 40.4894 27.0364 47.21 42.5685 23.4549 36.6544 42.5685 26.8847 0 255 0
47.21 42.5685 23.4549 36.6544 42.5685 26.8847 35.4323 45.9326 24.7679 0 255 0
47.21 42.5685 23.4549 46.9546 45.9326 21.0242 35.4323 45.9326 24.7679 0 255 0
46.9546 45.9326 21.0242 35.4323 45.9326 24.7679 35 49.9999 24.0192 0 255 0
46.9546 45.9326 21.0242 46.8642 49.9999 20.1643 35 49.9999 24.0192 0 255 0
35 50 24.0192 25.7295 50 32.3664 26.429 54.0674 32.8746 0 255 0
35 50 24.0192 35.4323 54.0674 24.7679 26.429 54.0674 32.8746 0 255 0
35.4323 54.0674 24.7679 26.429 54.0674 32.8746 28.4063 57.4314 34.3112 0 255 0
35.4323 54.0674 24.7679 36.6544 57.4314 26.8846 28.4063 57.4314 34.3112 0 255 0
36.6544 57.4314 26.8846 28.4063 57.4314 34.3112 31.3197 59.5106 36.4279 0 255 0
36.6544 57.4314 26.8846 38.4549 59.5106 30.0033 31.3197 59.5106 36.4279 0 255 0
38.4549 59.5106 30.0033 31.3197 59.5106 36.4279 34.6653 59.9452 38.8587 0 255 0
38.4549 59.5106 30.0033 40.5227 59.9452 33.5847 34.6653 59.9452 38.8587 0 255 0
40.5227 59.9452 33.5847 34.6653 59.9452 38.8587 37.8648 58.6603 41.1832 0 255 0
40.5227 59.9452 33.5847 42.5 58.6603 37.0096 37.8648 58.6603 41.1832 0 255 0
42.5 58.6603 37.0096 37.8648 58.6603 41.1832 40.3647 55.8779 42.9995 0 255 0
42.5 58.6603 37.0096 44.0451 55.8779 39.6858 40.3647 55.8779 42.9995 0 255 0
44.0451 55.8779 39.6858 40.3647 55.8779 42.9995 41.733 52.0791 43.9937 0 255 0
44.0451 55.8779 39.6858 44.8908 52.0791 41.1505 41.733 52.0791 43.9937 0 255 0
44.8908 52.0791 41.1505 41.733 52.0791 43.9937 41.7331 47.9209 43.9937 0 255 0
44.8908 52.0791 41.1505 44.8908 47.9209 41.1505 41.7331 47.9209 43.9937 0 255 0
44.8908 47.9209 41.1505 41.7331 47.9209 43.9937 40.3648 44.1222 42.9996 0 255 0
44.8908 47.9209 41.1505 44.0451 44.1222 39.6858 40.3648 44.1222 42.9996 0 255 0
44.0451 44.1222 39.6858 40.3648 44.1222 42.9996 37.8648 41.3398 41.1832 0 255 0
44.0451 44.1222 39.6858 42.5 41.3398 37.0096 37.8648 41.3398 41.1832 0 255 0
42.5 41.3398 37.0096 37.8648 41.3398 41.1832 34.6654 40.0548 38.8587 0 255 0
42.5 41.3398 37.0096 40.5227 40.0548 33.5848 34.6654 40.0548 38.8587 0 255 0
40.5227 40.0548 33.5848 34.6654 40.0548 38.8587 31.3197 40.4894 36.4279 0 255 0
40.5227 40.0548 33.5848 38.455 40.4894 30.0033 31.3197 40.4894 36.4279 0 255 0
38.455 40.4894 30.0033 31.3197 40.4894 36.4279 28.4063 42.5685 34.3112 0 255 0
38.455 40.4894 30.0033 36.6544 42.5685 26.8847 28.4063 42.5685 34.3112 0 255 0
36.6544 42.5685 26.8847 28.4063 42.5685 34.3112 26.429 45.9326 32.8746 0 255 0
36.6544 42.5685 26.8847 35.4323 45.9326 24.7679 26.429 45.9326 32.8746 0 255 0
35.4323 45.9326 24.7679 26.429 45.9326 32.8746 25.7295 49.9999 32.3664 0 255 0
35.4323 45.9326 24.7679 35 49.9999 24.0192 25.7295 49.9999 32.3664 0 255 0
25.7295 50 32.3664 20.6556 50 43.7626 21.5012 54.0674 43.9423 0 255 0
25.7295 50 32.3664 26.429 54.0674 32.8746 21.5012 54.0674 43.9423 0 255 0
26.429 54.0674 32.8746 21.5012 54.0674 43.9423 23.892 57.4314 44.4505 0 255 0
26.429 54.0674 32.8746 28.4063 57.4314 34.3112 23.892 57.4314 44.4505 0 255 0
28.4063 57.4314 34.3112 23.892 57.4314 44.4505 27.4144 59.5106 45.1992 0 255 0
28.4063 57.4314 34.3112 31.3197 59.5106 36.4279 27.4144 59.5106 45.1992 0 255 0
31.3197 59.5106 36.4279 27.4144 59.5106 45.1992 31.4595 59.9452 46.059 0 255 0
31.3197 59.5106 36.4279 34.6653 59.9452 38.8587 31.4595 59.9452 46.059 0 255 0
34.6653 59.9452 38.8587 31.4595 59.9452 46.059 35.3278 58.6603 46.8813 0 255 0
34.6653 59.9452 38.8587 37.8648 58.6603 41.1832 35.3278 58.6603 46.8813 0 255 0
37.8648 58.6603 41.1832 35.3278 58.6603 46.8813 38.3504 55.8779 47.5238 0 255 0
37.8648 58.6603 41.1832 40.3647 55.8779 42.9995 38.3504 55.8779 47.5238 0 255 0
40.3647 55.8779 42.9995 38.3504 55.8779 47.5238 40.0048 52.0791 47.8754 0 255 0
40.3647 55.8779 42.9995 41.733 52.0791 43.9937 40.0048 52.0791 47.8754 0 255 0
41.733 52.0791 43.9937 40.0048 52.0791 47.8754 40.0048 47.9209 47.8754 0 255 0
41.733 52.0791 43.9937 41.7331 47.9209 43.9937 40.0048 47.9209 47.8754 0 255 0
41.7331 47.9209 43.9937 40.0048 47.9209 47.8754 38.3505 44.1222 47.5238 0 255 0
41.7331 47.9209 43.9937 40.3648 44.1222 42.9996 38.3505 44.1222 47.5238 0 255 0
40.3648 44.1222 42.9996 38.3505 44.1222 47.5238 35.3278 41.3398 46.8813 0 255 0
40.3648 44.1222 42.9996 37.8648 41.3398 41.1832 35.3278 41.3398 46.8813 0 255 0
37.8648 41.3398 41.1832 35.3278 41.3398 46.8813 31.4595 40.0548 46.0591 0 255 0
37.8648 41.3398 41.1832 34.6654 40.0548 38.8587 31.4595 40.0548 46.0591 0 255 0
34.6654 40.0548 38.8587 31.4595 40.0548 46.0591 27.4145 40.4894 45.1992 0 255 0
34.6654 40.0548 38.8587 31.3197 40.4894 36.4279 27.4145 40.4894 45.1992 0 255 0
31.3197 40.4894 36.4279 27.4145 40.4894 45.1992 23.892 42.5685 44.4505 0 255 0
31.3197 40.4894 36.4279 28.4063 42.5685 34.3112 23.892 42.5685 44.4505 0 255 0
28.4063 42.5685 34.3112 23.892 42.5685 44.4505 21.5013 45.9326 43.9423 0 255 0
28.4063 42.5685 34.3112 26.429 45.9326 32.8746 21.5013 45.9326 43.9423 0 255 0
26.429 45.9326 32.8746 21.5013 45.9326 43.9423 20.6556 49.9999 43.7626 0 255 0
26.429 45.9326 32.8746 25.7295 49.9999 32.3664 20.6556 49.9999 43.7626 0 255 0
20.6556 50 43.7626 20.6556 50 56.2373 21.5012 54.0674 56.0575 0 255 0
20.6556 50 43.7626 21.5012 54.0674 43.9423 21.5012 54.0674 56.0575 0 255 0
21.5012 54.0674 43.9423 21.5012 54.0674 56.0575 23.8919 57.4314 55.5494 0 255 0
21.5012 54.0674 43.9423 23.892 57.4314 44.4505 23.8919 57.4314 55.5494 0 255 0
23.892 57.4314 44.4505 23.8919 57.4314 55.5494 27.4144 59.5106 54.8007 0 255 0
23.892 57.4314 44.4505 27.4144 59.5106 45.1992 27.4144 59.5106 54.8007 0 255 0
27.4144 59.5106 45.1992 27.4144 59.5106 54.8007 31.4595 59.9452 53.9409 0 255 0
27.4144 59.5106 45.1992 31.4595 59.9452 46.059 31.4595 59.9452 53.9409 0 255 0
31.4595 59.9452 46.059 31.4595 59.9452 53.9409 35.3278 58.6603 53.1186 0 255 0
31.4595 59.9452 46.059 35.3278 58.6603 46.8813 35.3278 58.6603 53.1186 0 255 0
35.3278 58.6603 46.8813 35.3278 58.6603 53.1186 38.3504 55.8779 52.4762 0 255 0
35.3278 58.6603 46.8813 38.3504 55.8779 47.5238 38.3504 55.8779 52.4762 0 255 0
38.3504 55.8779 47.5238 38.3504 55.8779 52.4762 40.0048 52.0791 52.1245 0 255 0
38.3504 55.8779 47.5238 40.0048 52.0791 47.8754 40.0048 52.0791 52.1245 0 255 0
40.0048 52.0791 47.8754 40.0048 52.0791 52.1245 40.0048 47.9209 52.1245 0 255 0
40.0048 52.0791 47.8754 40.0048 47.9209 47.8754 40.0048 47.9209 52.1245 0 255 0
40.0048 47.9209 47.8754 40.0048 47.9209 52.1245 38.3504 44.1222 52.4762 0 255 0
40.0048 47.9209 47.8754 38.3505 44.1222 47.5238 38.3504 44.1222 52.4762 0 255 0
38.3505 44.1222 47.5238 38.3504 44.1222 52.4762 35.3278 41.3398 53.1186 0 255 0
38.3505 44.1222 47.5238 35.3278 41.3398 46.8813 35.3278 41.3398 53.1186 0 255 0
35.3278 41.3398 46.8813 35.3278 41.3398 53.1186 31.4595 40.0548 53.9408 0 255 0
35.3278 41.3398 46.8813 31.4595 40.0548 46.0591 31.4595 40.0548 53.9408 0 255 0
31.4595 40.0548 46.0591 31.4595 40.0548 53.9408 27.4144 40.4894 54.8006 0 255 0
31.4595 40.0548 46.0591 27.4145 40.4894 45.1992 27.4144 40.4894 54.8006 0 255 0
27.4145 40.4894 45.1992 27.4144 40.4894 54.8006 23.892 42.5685 55.5494 0 255 0
27.4145 40.4894 45.1992 23.892 42.5685 44.4505 23.892 42.5685 55.5494 0 255 0
23.892 42.5685 44.4505 23.892 42.5685 55.5494 21.5012 45.9326 56.0575 0 255 0
23.892 42.5685 44.4505 21.5013 45.9326 43.9423 21.5012 45.9326 56.0575 0 255 0
21.5013 45.9326 43.9423 21.5012 45.9326 56.0575 20.6556 49.9999 56.2373 0 255 0
21.5013 45.9326 43.9423 20.6556 49.9999 43.7626 20.6556 49.9999 56.2373 0 255 0
20.6556 50 56.2373 25.7294 50 67.6335 26.4289 54.0674 67.1253 0 255 0
20.6556 50 56.2373 21.5012 54.0674 56.0575 26.4289 54.0674 67.1253 0 255 0
21.5012 54.0674 56.0575 26.4289 54.0674 67.1253 28.4062 57.4314 65.6887 0 255 0
21.5012 54.0674 56.0575 23.8919 57.4314 55.5494 28.4062 57.4314 65.6887 0 255 0
23.8919 57.4314 55.5494 28.4062 57.4314 65.6887 31.3196 59.5106 63.572 0 255 0
23.8919 57.4314 55.5494 27.4144 59.5106 54.8007 31.3196 59.5106 63.572 0 255 0
27.4144 59.5106 54.8007 31.3196 59.5106 63.572 34.6653 59.9452 61.1413 0 255 0
27.4144 59.5106 54.8007 31.4595 59.9452 53.9409 34.6653 59.9452 61.1413 0 255 0
31.4595 59.9452 53.9409 34.6653 59.9452 61.1413 37.8647 58.6603 58.8167 0 255 0
31.4595 59.9452 53.9409 35.3278 58.6603 53.1186 37.8647 58.6603 58.8167 0 255 0
35.3278 58.6603 53.1186 37.8647 58.6603 58.8167 40.3647 55.8779 57.0004 0 255 0
35.3278 58.6603 53.1186 38.3504 55.8779 52.4762 40.3647 55.8779 57.0004 0 255 0
38.3504 55.8779 52.4762 40.3647 55.8779 57.0004 41.733 52.0791 56.0063 0 255 0
38.3504 55.8779 52.4762 40.0048 52.0791 52.1245 41.733 52.0791 56.0063 0 255 0
40.0048 52.0791 52.1245 41.733 52.0791 56.0063 41.733 47.9209 56.0063 0 255 0
40.0048 52.0791 52.1245 40.0048 47.9209 52.1245 41.733 47.9209 56.0063 0 255 0
40.0048 47.9209 52.1245 41.733 47.9209 56.0063 40.3647 44.1222 57.0004 0 255 0
40.0048 47.9209 52.1245 38.3504 44.1222 52.4762 40.3647 44.1222 57.0004 0 255 0
38.3504 44.1222 52.4762 40.3647 44.1222 57.0004 37.8647 41.3398 58.8167 0 255 0
38.3504 44.1222 52.4762 35.3278 41.3398 53.1186 37.8647 41.3398 58.8167 0 255 0
35.3278 41.3398 53.1186 37.8647 41.3398 58.8167 34.6653 40.0548 61.1412 0 255 0
35.3278 41.3398 53.1186 31.4595 40.0548 53.9408 34.6653 40.0548 61.1412 0 255 0
31.4595 40.0548 53.9408 34.6653 40.0548 61.1412 31.3196 40.4894 63.572 0 255 0
31.4595 40.0548 53.9408 27.4144 40.4894 54.8006 31.3196 40.4894 63.572 0 255 0
27.4144 40.4894 54.8006 31.3196 40.4894 63.572 28.4063 42.5685 65.6887 0 255 0
27.4144 40.4894 54.8006 23.892 42.5685 55.5494 28.4063 42.5685 65.6887 0 255 0
23.892 42.5685 55.5494 28.4063 42.5685 65.6887 26.4289 45.9326 67.1253 0 255 0
23.892 42.5685 55.5494 21.5012 45.9326 56.0575 26.4289 45.9326 67.1253 0 255 0
21.5012 45.9326 56.0575 26.4289 45.9326 67.1253 25.7294 49.9999 67.6335 0 255 0
21.5012 45.9326 56.0575 20.6556 49.9999 56.2373 25.7294 49.9999 67.6335 0 255 0
25.7294 50 67.6335 34.9999 50 75.9807 35.4322 54.0674 75.232 0 255 0
25.7294 50 67.6335 26.4289 54.0674 67.1253 35.4322 54.0674 75.232 0 255 0
26.4289 54.0674 67.1253 35.4322 54.0674 75.232 36.6543 57.4314 73.1153 0 255 0
26.4289 54.0674 67.1253 28.4062 57.4314 65.6887 36.6543 57.4314 73.1153 0 255 0
28.4062 57.4314 65.6887 36.6543 57.4314 73.1153 38.4548 59.5106 69.9966 0 255 0
28.4062 57.4314 65.6887 31.3196 59.5106 63.572 38.4548 59.5106 69.9966 0 255 0
31.3196 59.5106 63.572 38.4548 59.5106 69.9966 40.5226 59.9452 66.4152 0 255 0
31.3196 59.5106 63.572 34.6653 59.9452 61.1413 40.5226 59.9452 66.4152 0 255 0
34.6653 59.9452 61.1413 40.5226 59.9452 66.4152 42.4999 58.6603 62.9904 0 255 0
34.6653 59.9452 61.1413 37.8647 58.6603 58.8167 42.4999 58.6603 62.9904 0 255 0
37.8647 58.6603 58.8167 42.4999 58.6603 62.9904 44.045 55.8779 60.3142 0 255 0
37.8647 58.6603 58.8167 40.3647 55.8779 57.0004 44.045 55.8779 60.3142 0 255 0
40.3647 55.8779 57.0004 44.045 55.8779 60.3142 44.8907 52.0791 58.8495 0 255 0
40.3647 55.8779 57.0004 41.733 52.0791 56.0063 44.8907 52.0791 58.8495 0 255 0
41.733 52.0791 56.0063 44.8907 52.0791 58.8495 44.8907 47.9209 58.8495 0 255 0
41.733 52.0791 56.0063 41.733 47.9209 56.0063 44.8907 47.9209 58.8495 0 255 0
41.733 47.9209 56.0063 44.8907 47.9209 58.8495 44.0451 44.1222 60.3142 0 255 0
41.733 47.9209 56.0063 40.3647 44.1222 57.0004 44.0451 44.1222 60.3142 0 255 0
40.3647 44.1222 57.0004 44.0451 44.1222 60.3142 42.5 41.3398 62.9903 0 255 0
40.3647 44.1222 57.0004 37.8647 41.3398 58.8167 42.5 41.3398 62.9903 0 255 0
37.8647 41.3398 58.8167 42.5 41.3398 62.9903 40.5226 40.0548 66.4152 0 255 0
37.8647 41.3398 58.8167 34.6653 40.0548 61.1412 40.5226 40.0548 66.4152 0 255 0
34.6653 40.0548 61.1412 40.5226 40.0548 66.4152 38.4549 40.4894 69.9966 0 255 0
34.6653 40.0548 61.1412 31.3196 40.4894 63.572 38.4549 40.4894 69.9966 0 255 0
31.3196 40.4894 63.572 38.4549 40.4894 69.9966 36.6543 42.5685 73.1153 0 255 0
31.3196 40.4894 63.572 28.4063 42.5685 65.6887 36.6543 42.5685 73.1153 0 255 0
28.4063 42.5685 65.6887 36.6543 42.5685 73.1153 35.4322 45.9326 75.232 0 255 0
28.4063 42.5685 65.6887 26.4289 45.9326 67.1253 35.4322 45.9326 75.232 0 255 0
26.4289 45.9326 67.1253 35.4322 45.9326 75.232 34.9999 49.9999 75.9807 0 255 0
26.4289 45.9326 67.1253 25.7294 49.9999 67.6335 34.9999 49.9999 75.9807 0 255 0
34.9999 50 75.9807 46.864 50 79.8356 46.9544 54.0674 78.9758 0 255 0
34.9999 50 75.9807 35.4322 54.0674 75.232 46.9544 54.0674 78.9758 0 255 0
35.4322 54.0674 75.232 46.9544 54.0674 78.9758 47.2099 57.4314 76.5451 0 255 0
35.4322 54.0674 75.232 36.6543 57.4314 73.1153 47.2099 57.4314 76.5451 0 255 0
36.6543 57.4314 73.1153 47.2099 57.4314 76.5451 47.5863 59.5106 72.9637 0 255 0
36.6543 57.4314 73.1153 38.4548 59.5106 69.9966 47.5863 59.5106 72.9637 0 255 0
38.4548 59.5106 69.9966 47.5863 59.5106 72.9637 48.0186 59.9452 68.8509 0 255 0
38.4548 59.5106 69.9966 40.5226 59.9452 66.4152 48.0186 59.9452 68.8509 0 255 0
40.5226 59.9452 66.4152 48.0186 59.9452 68.8509 48.432 58.6603 64.9178 0 255 0
40.5226 59.9452 66.4152 42.4999 58.6603 62.9904 48.432 58.6603 64.9178 0 255 0
42.4999 58.6603 62.9904 48.432 58.6603 64.9178 48.755 55.8779 61.8446 0 255 0
42.4999 58.6603 62.9904 44.045 55.8779 60.3142 48.755 55.8779 61.8446 0 255 0
44.045 55.8779 60.3142 48.755 55.8779 61.8446 48.9318 52.0791 60.1625 0 255 0
44.045 55.8779 60.3142 44.8907 52.0791 58.8495 48.9318 52.0791 60.1625 0 255 0
44.8907 52.0791 58.8495 48.9318 52.0791 60.1625 48.9318 47.9209 60.1625 0 255 0
44.8907 52.0791 58.8495 44.8907 47.9209 58.8495 48.9318 47.9209 60.1625 0 255 0
44.8907 47.9209 58.8495 48.9318 47.9209 60.1625 48.755 44.1222 61.8446 0 255 0
44.8907 47.9209 58.8495 44.0451 44.1222 60.3142 48.755 44.1222 61.8446 0 255 0
44.0451 44.1222 60.3142 48.755 44.1222 61.8446 48.432 41.3398 64.9178 0 255 0
44.0451 44.1222 60.3142 42.5 41.3398 62.9903 48.432 41.3398 64.9178 0 255 0
42.5 41.3398 62.9903 48.432 41.3398 64.9178 48.0186 40.0548 68.8508 0 255 0
42.5 41.3398 62.9903 40.5226 40.0548 66.4152 48.0186 40.0548 68.8508 0 255 0
40.5226 40.0548 66.4152 48.0186 40.0548 68.8508 47.5863 40.4894 72.9636 0 255 0
40.5226 40.0548 66.4152 38.4549 40.4894 69.9966 47.5863 40.4894 72.9636 0 255 0
38.4549 40.4894 69.9966 47.5863 40.4894 72.9636 47.2099 42.5685 76.545 0 255 0
38.4549 40.4894 69.9966 36.6543 42.5685 73.1153 47.2099 42.5685 76.545 0 255 0
36.6543 42.5685 73.1153 47.2099 42.5685 76.545 46.9544 45.9326 78.9758 0 255 0
36.6543 42.5685 73.1153 35.4322 45.9326 75.232 46.9544 45.9326 78.9758 0 255 0
35.4322 45.9326 75.232 46.9544 45.9326 78.9758 46.864 49.9999 79.8356 0 255 0
35.4322 45.9326 75.232 34.9999 49.9999 75.9807 46.864 49.9999 79.8356 0 255 0
46.864 50 79.8356 59.2704 50 78.5317 59.0032 54.0674 77.7095 0 255 0
46.864 50 79.8356 46.9544 54.0674 78.9758 59.0032 54.0674 77.7095 0 255 0
46.9544 54.0674 78.9758 59.0032 54.0674 77.7095 58.248 57.4314 75.385 0 255 0
46.9544 54.0674 78.9758 47.2099 57.4314 76.5451 58.248 57.4314 75.385 0 255 0
47.2099 57.4314 76.5451 58.248 57.4314 75.385 57.1352 59.5106 71.9601 0 255 0
47.2099 57.4314 76.5451 47.5863 59.5106 72.9637 57.1352 59.5106 71.9601 0 255 0
47.5863 59.5106 72.9637 57.1352 59.5106 71.9601 55.8573 59.9452 68.027 0 255 0
47.5863 59.5106 72.9637 48.0186 59.9452 68.8509 55.8573 59.9452 68.027 0 255 0
48.0186 59.9452 68.8509 55.8573 59.9452 68.027 54.6352 58.6603 64.2659 0 255 0
48.0186 59.9452 68.8509 48.432 58.6603 64.9178 54.6352 58.6603 64.2659 0 255 0
48.432 58.6603 64.9178 54.6352 58.6603 64.2659 53.6803 55.8779 61.3269 0 255 0
48.432 58.6603 64.9178 48.755 55.8779 61.8446 53.6803 55.8779 61.3269 0 255 0
48.755 55.8779 61.8446 53.6803 55.8779 61.3269 53.1577 52.0791 59.7184 0 255 0
48.755 55.8779 61.8446 48.9318 52.0791 60.1625 53.1577 52.0791 59.7184 0 255 0
48.9318 52.0791 60.1625 53.1577 52.0791 59.7184 53.1577 47.9209 59.7184 0 255 0
48.9318 52.0791 60.1625 48.9318 47.9209 60.1625 53.1577 47.9209 59.7184 0 255 0
48.9318 47.9209 60.1625 53.1577 47.9209 59.7184 53.6803 44.1222 61.3269 0 255 0
48.9318 47.9209 60.1625 48.755 44.1222 61.8446 53.6803 44.1222 61.3269 0 255 0
48.755 44.1222 61.8446 53.6803 44.1222 61.3269 54.6352 41.3398 64.2658 0 255 0
48.755 44.1222 61.8446 48.432 41.3398 64.9178 54.6352 41.3398 64.2658 0 255 0
48.432 41.3398 64.9178 54.6352 41.3398 64.2658 55.8572 40.0548 68.027 0 255 0
48.432 41.3398 64.9178 48.0186 40.0548 68.8508 55.8572 40.0548 68.027 0 255 0
48.0186 40.0548 68.8508 55.8572 40.0548 68.027 57.1351 40.4894 71.96 0 255 0
48.0186 40.0548 68.8508 47.5863 40.4894 72.9636 57.1351 40.4894 71.96 0 255 0
47.5863 40.4894 72.9636 57.1351 40.4894 71.96 58.2479 42.5685 75.3849 0 255 0
47.5863 40.4894 72.9636 47.2099 42.5685 76.545 58.2479 42.5685 75.3849 0 255 0
47.2099 42.5685 76.545 58.2479 42.5685 75.3849 59.0032 45.9326 77.7095 0 255 0
47.2099 42.5685 76.545 46.9544 45.9326 78.9758 59.0032 45.9326 77.7095 0 255 0
46.9544 45.9326 78.9758 59.0032 45.9326 77.7095 59.2704 49.9999 78.5317 0 255 0
46.9544 45.9326 78.9758 46.864 49.9999 79.8356 59.2704 49.9999 78.5317 0 255 0
59.2704 50 78.5317 70.0738 50 72.2944 69.4953 54.0674 71.652 0 255 0
59.2704 50 78.5317 59.0032 54.0674 77.7095 69.4953 54.0674 71.652 0 255 0
59.0032 54.0674 77.7095 69.4953 54.0674 71.652 67.8599 57.4314 69.8356 0 255 0
59.0032 54.0674 77.7095 58.248 57.4314 75.385 67.8599 57.4314 69.8356 0 255 0
58.248 57.4314 75.385 67.8599 57.4314 69.8356 65.4503 59.5106 67.1594 0 255 0
58.248 57.4314 75.385 57.1352 59.5106 71.9601 65.4503 59.5106 67.1594 0 255 0
57.1352 59.5106 71.9601 65.4503 59.5106 67.1594 62.6831 59.9452 64.0862 0 255 0
57.1352 59.5106 71.9601 55.8573 59.9452 68.027 62.6831 59.9452 64.0862 0 255 0
55.8573 59.9452 68.027 62.6831 59.9452 64.0862 60.0369 58.6603 61.1472 0 255 0
55.8573 59.9452 68.027 54.6352 58.6603 64.2659 60.0369 58.6603 61.1472 0 255 0
54.6352 58.6603 64.2659 60.0369 58.6603 61.1472 57.9692 55.8779 58.8508 0 255 0
54.6352 58.6603 64.2659 53.6803 55.8779 61.3269 57.9692 55.8779 58.8508 0 255 0
53.6803 55.8779 61.3269 57.9692 55.8779 58.8508 56.8375 52.0791 57.5939 0 255 0
53.6803 55.8779 61.3269 53.1577 52.0791 59.7184 56.8375 52.0791 57.5939 0 255 0
53.1577 52.0791 59.7184 56.8375 52.0791 57.5939 56.8375 47.9209 57.5939 0 255 0
53.1577 52.0791 59.7184 53.1577 47.9209 59.7184 56.8375 47.9209 57.5939 0 255 0
53.1577 47.9209 59.7184 56.8375 47.9209 57.5939 57.9692 44.1222 58.8508 0 255 0
53.1577 47.9209 59.7184 53.6803 44.1222 61.3269 57.9692 44.1222 58.8508 0 255 0
53.6803 44.1222 61.3269 57.9692 44.1222 58.8508 60.0369 41.3398 61.1472 0 255 0
53.6803 44.1222 61.3269 54.6352 41.3398 64.2658 60.0369 41.3398 61.1472 0 255 0
54.6352 41.3398 64.2658 60.0369 41.3398 61.1472 62.6831 40.0548 64.0861 0 255 0
54.6352 41.3398 64.2658 55.8572 40.0548 68.027 62.6831 40.0548 64.0861 0 255 0
55.8572 40.0548 68.027 62.6831 40.0548 64.0861 65.4502 40.4894 67.1594 0 255 0
55.8572 40.0548 68.027 57.1351 40.4894 71.96 65.4502 40.4894 67.1594 0 255 0
57.1351 40.4894 71.96 65.4502 40.4894 67.1594 67.8599 42.5685 69.8356 0 255 0
57.1351 40.4894 71.96 58.2479 42.5685 75.3849 67.8599 42.5685 69.8356 0 255 0
58.2479 42.5685 75.3849 67.8599 42.5685 69.8356 69.4953 45.9326 71.6519 0 255 0
58.2479 42.5685 75.3849 59.0032 45.9326 77.7095 69.4953 45.9326 71.6519 0 255 0
59.0032 45.9326 77.7095 69.4953 45.9326 71.6519 70.0738 49.9999 72.2944 0 255 0
59.0032 45.9326 77.7095 59.2704 49.9999 78.5317 70.0738 49.9999 72.2944 0 255 0
70.0738 50 72.2944 77.4063 50 62.2022 76.6165 54.0674 61.8506 0 255 0
70.0738 50 72.2944 69.4953 54.0674 71.652 76.6165 54.0674 61.8506 0 255 0
69.4953 54.0674 71.652 76.6165 54.0674 61.8506 74.3837 57.4314 60.8565 0 255 0
69.4953 54.0674 71.652 67.8599 57.4314 69.8356 74.3837 57.4314 60.8565 0 255 0
67.8599 57.4314 69.8356 74.3837 57.4314 60.8565 71.0939 59.5106 59.3917 0 255 0
67.8599 57.4314 69.8356 65.4503 59.5106 67.1594 71.0939 59.5106 59.3917 0 255 0
65.4503 59.5106 67.1594 71.0939 59.5106 59.3917 67.316 59.9452 57.7097 0 255 0
65.4503 59.5106 67.1594 62.6831 59.9452 64.0862 67.316 59.9452 57.7097 0 255 0
62.6831 59.9452 64.0862 67.316 59.9452 57.7097 63.7032 58.6603 56.1011 0 255 0
62.6831 59.9452 64.0862 60.0369 58.6603 61.1472 63.7032 58.6603 56.1011 0 255 0
60.0369 58.6603 61.1472 63.7032 58.6603 56.1011 60.8802 55.8779 54.8442 0 255 0
60.0369 58.6603 61.1472 57.9692 55.8779 58.8508 60.8802 55.8779 54.8442 0 255 0
57.9692 55.8779 58.8508 60.8802 55.8779 54.8442 59.3351 52.0791 54.1563 0 255 0
57.9692 55.8779 58.8508 56.8375 52.0791 57.5939 59.3351 52.0791 54.1563 0 255 0
56.8375 52.0791 57.5939 59.3351 52.0791 54.1563 59.3351 47.9209 54.1563 0 255 0
56.8375 52.0791 57.5939 56.8375 47.9209 57.5939 59.3351 47.9209 54.1563 0 255 0
56.8375 47.9209 57.5939 59.3351 47.9209 54.1563 60.8801 44.1222 54.8442 0 255 0
56.8375 47.9209 57.5939 57.9692 44.1222 58.8508 60.8801 44.1222 54.8442 0 255 0
57.9692 44.1222 58.8508 60.8801 44.1222 54.8442 63.7031 41.3398 56.1011 0 255 0
57.9692 44.1222 58.8508 60.0369 41.3398 61.1472 63.7031 41.3398 56.1011 0 255 0
60.0369 41.3398 61.1472 63.7031 41.3398 56.1011 67.3159 40.0548 57.7096 0 255 0
60.0369 41.3398 61.1472 62.6831 40.0548 64.0861 67.3159 40.0548 57.7096 0 255 0
62.6831 40.0548 64.0861 67.3159 40.0548 57.7096 71.0938 40.4894 59.3917 0 255 0
62.6831 40.0548 64.0861 65.4502 40.4894 67.1594 71.0938 40.4894 59.3917 0 255 0
65.4502 40.4894 67.1594 71.0938 40.4894 59.3917 74.3836 42.5685 60.8564 0 255 0
65.4502 40.4894 67.1594 67.8599 42.5685 69.8356 74.3836 42.5685 60.8564 0 255 0
67.8599 42.5685 69.8356 74.3836 42.5685 60.8564 76.6165 45.9326 61.8506 0 255 0
67.8599 42.5685 69.8356 69.4953 45.9326 71.6519 76.6165 45.9326 61.8506 0 255 0
69.4953 45.9326 71.6519 76.6165 45.9326 61.8506 77.4063 49.9999 62.2022 0 255 0
69.4953 45.9326 71.6519 70.0738 49.9999 72.2944 77.4063 49.9999 62.2022 0 255 0
77.4063 50 62.2022 80 50 50.0002 79.1355 54.0674 50.0002 0 255 0
77.4063 50 62.2022 76.6165 54.0674 61.8506 79.1355 54.0674 50.0002 0 255 0
76.6165 54.0674 61.8506 79.1355 54.0674 50.0002 76.6913 57.4314 50.0001 0 255 0
76.6165 54.0674 61.8506 74.3837 57.4314 60.8565 76.6913 57.4314 50.0001 0 255 0
74.3837 57.4314 60.8565 76.6913 57.4314 50.0001 73.0902 59.5106 50.0001 0 255 0
74.3837 57.4314 60.8565 71.0939 59.5106 59.3917 73.0902 59.5106 50.0001 0 255 0
71.0939 59.5106 59.3917 73.0902 59.5106 50.0001 68.9547 59.9452 50.0001 0 255 0
71.0939 59.5106 59.3917 67.316 59.9452 57.7097 68.9547 59.9452 50.0001 0 255 0
67.316 59.9452 57.7097 68.9547 59.9452 50.0001 65 58.6603 50.0001 0 255 0
67.316 59.9452 57.7097 63.7032 58.6603 56.1011 65 58.6603 50.0001 0 255 0
63.7032 58.6603 56.1011 65 58.6603 50.0001 61.9098 55.8779 50.0001 0 255 0
63.7032 58.6603 56.1011 60.8802 55.8779 54.8442 61.9098 55.8779 50.0001 0 255 0
60.8802 55.8779 54.8442 61.9098 55.8779 50.0001 60.2185 52.0791 50.0001 0 255 0
60.8802 55.8779 54.8442 59.3351 52.0791 54.1563 60.2185 52.0791 50.0001 0 255 0
59.3351 52.0791 54.1563 60.2185 52.0791 50.0001 60.2185 47.9209 50.0001 0 255 0
59.3351 52.0791 54.1563 59.3351 47.9209 54.1563 60.2185 47.9209 50.0001 0 255 0
59.3351 47.9209 54.1563 60.2185 47.9209 50.0001 61.9098 44.1222 50.0001 0 255 0
59.3351 47.9209 54.1563 60.8801 44.1222 54.8442 61.9098 44.1222 50.0001 0 255 0
60.8801 44.1222 54.8442 61.9098 44.1222 50.0001 65 41.3398 50.0001 0 255 0
60.8801 44.1222 54.8442 63.7031 41.3398 56.1011 65 41.3398 50.0001 0 255 0
63.7031 41.3398 56.1011 65 41.3398 50.0001 68.9547 40.0548 50.0001 0 255 0
63.7031 41.3398 56.1011 67.3159 40.0548 57.7096 68.9547 40.0548 50.0001 0 255 0
67.3159 40.0548 57.7096 68.9547 40.0548 50.0001 73.0901 40.4894 50.0001 0 255 0
67.3159 40.0548 57.7096 71.0938 40.4894 59.3917 73.0901 40.4894 50.0001 0 255 0
71.0938 40.4894 59.3917 73.0901 40.4894 50.0001 76.6913 42.5685 50.0001 0 255 0
71.0938 40.4894 59.3917 74.3836 42.5685 60.8564 76.6913 42.5685 50.0001 0 255 0
74.3836 42.5685 60.8564 76.6913 42.5685 50.0001 79.1354 45.9326 50.0002 0 255 0
74.3836 42.5685 60.8564 76.6165 45.9326 61.8506 79.1354 45.9326 50.0002 0 255 0
76.6165 45.9326 61.8506 79.1354 45.9326 50.0002 80 49.9999 50.0002 0 255 0
76.6165 45.9326 61.8506 77.4063 49.9999 62.2022 80 49.9999 50.0002 0 255 0
