2790
33 32 20 3 168 158
35 31 22 3 168 158
35 32 21 3 168 158
36 30 23 3 168 158
36 31 22 3 168 158
36 31 23 3 168 158
36 32 21 3 168 158
36 33 21 3 168 158
37 29 24 3 168 158
37 30 23 3 168 158
37 30 24 3 168 158
37 31 24 3 168 158
38 29 24 3 168 158
38 30 24 3 168 158
38 30 25 3 168 158
38 31 25 3 168 158
38 31 26 3 168 158
39 29 25 3 168 158
39 29 26 3 168 158
39 30 25 3 168 158
39 30 26 3 168 158
39 31 26 3 168 158
39 31 27 3 168 158
39 32 27 3 168 158
40 29 27 3 168 158
40 30 27 3 168 158
40 31 27 3 168 158
40 31 28 3 168 158
40 32 26 3 168 158
40 32 27 3 168 158
40 32 28 3 168 158
40 33 26 3 168 158
40 33 27 3 168 158
40 34 27 3 168 158
40 36 25 3 168 158
41 29 28 3 168 158
41 30 28 3 168 158
41 31 27 3 168 158
41 31 28 3 168 158
41 31 29 3 168 158
41 32 27 3 168 158
41 32 29 3 168 158
41 33 27 3 168 158
41 34 27 3 168 158
41 34 28 3 168 158
41 35 28 3 168 158
41 91 75 3 168 158
41 92 75 3 168 158
41 93 75 3 168 158
41 94 75 3 168 158
41 95 75 3 168 158
41 96 74 3 168 158
41 96 75 3 168 158
41 97 74 3 168 158
41 97 75 3 168 158
41 98 74 3 168 158
41 99 74 3 168 158
42 26 31 3 168 158
42 27 31 3 168 158
42 31 30 3 168 158
42 31 31 3 168 158
42 32 30 3 168 158
42 33 30 3 168 158
42 77 71 3 168 158
42 77 72 3 168 158
42 78 71 3 168 158
42 91 74 3 168 158
42 91 75 3 168 158
42 92 75 3 168 158
42 93 75 3 168 158
42 93 76 3 168 158
42 94 75 3 168 158
42 94 76 3 168 158
42 95 75 3 168 158
42 95 76 3 168 158
42 96 76 3 168 158
42 97 75 3 168 158
42 97 76 3 168 158
42 98 74 3 168 158
42 98 75 3 168 158
42 99 74 3 168 158
42 99 75 3 168 158
42 100 74 3 168 158
43 26 31 3 168 158
43 27 31 3 168 158
43 28 31 3 168 158
43 29 30 3 168 158
43 29 31 3 168 158
43 30 32 3 168 158
43 31 31 3 168 158
43 31 32 3 168 158
43 32 30 3 168 158
43 32 31 3 168 158
43 33 30 3 168 158
43 34 31 3 168 158
43 91 75 3 168 158
43 92 75 3 168 158
43 92 76 3 168 158
43 93 76 3 168 158
43 94 76 3 168 158
43 95 76 3 168 158
43 96 76 3 168 158
43 97 76 3 168 158
43 98 75 3 168 158
43 98 76 3 168 158
43 99 74 3 168 158
43 99 75 3 168 158
43 99 76 3 168 158
43 100 74 3 168 158
43 100 75 3 168 158
44 1 73 3 168 158
44 1 74 3 168 158
44 26 31 3 168 158
44 26 32 3 168 158
44 27 32 3 168 158
44 28 31 3 168 158
44 28 32 3 168 158
44 30 33 3 168 158
44 31 32 3 168 158
44 31 33 3 168 158
44 32 31 3 168 158
44 32 32 3 168 158
44 33 31 3 168 158
44 34 31 3 168 158
44 34 32 3 168 158
44 35 32 3 168 158
44 36 31 3 168 158
44 36 32 3 168 158
44 37 31 3 168 158
44 37 32 3 168 158
44 38 32 3 168 158
44 38 33 3 168 158
44 39 33 3 168 158
44 40 34 3 168 158
44 93 76 3 168 158
44 94 76 3 168 158
44 94 77 3 168 158
44 95 77 3 168 158
44 96 76 3 168 158
44 96 77 3 168 158
44 97 76 3 168 158
44 97 77 3 168 158
44 98 76 3 168 158
44 99 75 3 168 158
44 99 76 3 168 158
44 100 75 3 168 158
44 100 76 3 168 158
45 1 73 3 168 158
45 1 74 3 168 158
45 2 73 3 168 158
45 29 34 3 168 158
45 30 33 3 168 158
45 30 34 3 168 158
45 31 32 3 168 158
45 31 33 3 168 158
45 32 34 3 168 158
45 33 34 3 168 158
45 33 35 3 168 158
45 34 32 3 168 158
45 35 32 3 168 158
45 36 31 3 168 158
45 36 32 3 168 158
45 36 33 3 168 158
45 37 31 3 168 158
45 38 32 3 168 158
45 38 33 3 168 158
45 39 33 3 168 158
45 39 34 3 168 158
45 40 34 3 168 158
45 41 34 3 168 158
45 94 77 3 168 158
45 95 77 3 168 158
45 96 77 3 168 158
45 97 77 3 168 158
45 98 76 3 168 158
45 98 77 3 168 158
45 99 76 3 168 158
45 100 75 3 168 158
45 100 76 3 168 158
46 1 73 3 168 158
46 1 74 3 168 158
46 1 75 3 168 158
46 2 72 3 168 158
46 2 73 3 168 158
46 28 35 3 168 158
46 28 36 3 168 158
46 29 34 3 168 158
46 29 35 3 168 158
46 31 35 3 168 158
46 32 34 3 168 158
46 32 35 3 168 158
46 33 35 3 168 158
46 34 35 3 168 158
46 38 33 3 168 158
46 39 33 3 168 158
46 39 34 3 168 158
46 40 34 3 168 158
46 41 34 3 168 158
46 41 35 3 168 158
46 95 77 3 168 158
46 96 77 3 168 158
46 97 76 3 168 158
46 97 77 3 168 158
46 98 76 3 168 158
46 98 77 3 168 158
46 99 76 3 168 158
46 100 76 3 168 158
47 1 74 3 168 158
47 1 75 3 168 158
47 2 74 3 168 158
47 26 36 3 168 158
47 27 36 3 168 158
47 28 36 3 168 158
47 29 37 3 168 158
47 30 36 3 168 158
47 30 37 3 168 158
47 31 35 3 168 158
47 31 36 3 168 158
47 32 35 3 168 158
47 33 35 3 168 158
47 33 36 3 168 158
47 34 35 3 168 158
47 34 36 3 168 158
47 35 36 3 168 158
47 37 34 3 168 158
47 38 34 3 168 158
47 38 35 3 168 158
47 39 35 3 168 158
47 40 34 3 168 158
47 40 35 3 168 158
47 41 35 3 168 158
47 42 35 3 168 158
47 97 76 3 168 158
47 98 76 3 168 158
47 99 76 3 168 158
47 100 76 3 168 158
48 1 74 3 168 158
48 1 75 3 168 158
48 2 73 3 168 158
48 2 74 3 168 158
48 3 73 3 168 158
48 4 72 3 168 158
48 27 39 3 168 158
48 28 37 3 168 158
48 28 38 3 168 158
48 28 39 3 168 158
48 29 37 3 168 158
48 29 38 3 168 158
48 30 37 3 168 158
48 30 38 3 168 158
48 31 37 3 168 158
48 33 36 3 168 158
48 34 36 3 168 158
48 34 37 3 168 158
48 35 37 3 168 158
48 35 38 3 168 158
48 36 34 3 168 158
48 36 37 3 168 158
48 36 38 3 168 158
48 37 32 3 168 158
48 37 34 3 168 158
48 38 34 3 168 158
48 38 35 3 168 158
48 39 35 3 168 158
48 40 35 3 168 158
48 41 35 3 168 158
48 42 35 3 168 158
48 81 85 3 168 158
48 82 85 3 168 158
48 83 87 3 168 158
48 84 87 3 168 158
48 85 88 3 168 158
48 86 88 3 168 158
48 99 76 3 168 158
48 100 75 3 168 158
48 100 76 3 168 158
49 1 74 3 168 158
49 1 75 3 168 158
49 2 74 3 168 158
49 3 73 3 168 158
49 4 72 3 168 158
49 5 71 3 168 158
49 5 72 3 168 158
49 6 71 3 168 158
49 27 39 3 168 158
49 28 39 3 168 158
49 28 40 3 168 158
49 29 38 3 168 158
49 32 38 3 168 158
49 33 37 3 168 158
49 33 38 3 168 158
49 33 39 3 168 158
49 34 39 3 168 158
49 35 37 3 168 158
49 35 38 3 168 158
49 36 38 3 168 158
49 37 31 3 168 158
49 39 35 3 168 158
49 40 35 3 168 158
49 41 35 3 168 158
49 42 35 3 168 158
49 79 83 3 168 158
49 79 84 3 168 158
49 80 86 3 168 158
49 81 86 3 168 158
49 82 87 3 168 158
49 83 87 3 168 158
49 84 87 3 168 158
49 84 88 3 168 158
49 85 88 3 168 158
49 86 88 3 168 158
49 86 89 3 168 158
49 87 89 3 168 158
49 88 89 3 168 158
50 1 74 3 168 158
50 2 73 3 168 158
50 2 74 3 168 158
50 3 73 3 168 158
50 4 72 3 168 158
50 4 73 3 168 158
50 5 71 3 168 158
50 5 72 3 168 158
50 6 71 3 168 158
50 7 71 3 168 158
50 27 40 3 168 158
50 28 40 3 168 158
50 28 41 3 168 158
50 29 41 3 168 158
50 30 41 3 168 158
50 31 39 3 168 158
50 31 40 3 168 158
50 31 41 3 168 158
50 32 38 3 168 158
50 32 39 3 168 158
50 33 39 3 168 158
50 33 40 3 168 158
50 34 39 3 168 158
50 34 40 3 168 158
50 36 31 3 168 158
50 36 32 3 168 158
50 36 38 3 168 158
50 37 31 3 168 158
50 38 29 3 168 158
50 38 31 3 168 158
50 77 82 3 168 158
50 78 83 3 168 158
50 78 84 3 168 158
50 79 84 3 168 158
50 79 85 3 168 158
50 79 86 3 168 158
50 80 86 3 168 158
50 81 86 3 168 158
50 81 87 3 168 158
50 82 87 3 168 158
50 82 88 3 168 158
50 83 87 3 168 158
50 83 88 3 168 158
50 84 88 3 168 158
50 84 89 3 168 158
50 85 88 3 168 158
50 85 89 3 168 158
50 86 89 3 168 158
50 87 89 3 168 158
50 87 90 3 168 158
50 88 89 3 168 158
50 88 90 3 168 158
50 89 89 3 168 158
50 89 90 3 168 158
50 90 89 3 168 158
50 90 90 3 168 158
50 91 89 3 168 158
51 2 73 3 168 158
51 3 72 3 168 158
51 3 73 3 168 158
51 4 72 3 168 158
51 5 72 3 168 158
51 6 71 3 168 158
51 6 72 3 168 158
51 7 71 3 168 158
51 8 71 3 168 158
51 9 70 3 168 158
51 28 41 3 168 158
51 28 42 3 168 158
51 29 42 3 168 158
51 30 42 3 168 158
51 31 39 3 168 158
51 31 41 3 168 158
51 31 42 3 168 158
51 32 39 3 168 158
51 33 39 3 168 158
51 33 40 3 168 158
51 34 41 3 168 158
51 35 41 3 168 158
51 36 31 3 168 158
51 36 32 3 168 158
51 37 31 3 168 158
51 38 30 3 168 158
51 39 30 3 168 158
51 76 82 3 168 158
51 77 82 3 168 158
51 77 83 3 168 158
51 78 83 3 168 158
51 78 84 3 168 158
51 79 84 3 168 158
51 79 85 3 168 158
51 79 86 3 168 158
51 80 86 3 168 158
51 80 87 3 168 158
51 81 86 3 168 158
51 81 87 3 168 158
51 82 87 3 168 158
51 82 88 3 168 158
51 83 88 3 168 158
51 83 89 3 168 158
51 84 89 3 168 158
51 85 89 3 168 158
51 85 90 3 168 158
51 86 89 3 168 158
51 86 90 3 168 158
51 87 90 3 168 158
51 88 90 3 168 158
51 89 90 3 168 158
51 90 90 3 168 158
51 91 90 3 168 158
51 92 89 3 168 158
51 92 90 3 168 158
51 93 89 3 168 158
51 93 90 3 168 158
51 94 89 3 168 158
52 3 72 3 168 158
52 4 71 3 168 158
52 4 72 3 168 158
52 5 71 3 168 158
52 5 72 3 168 158
52 6 71 3 168 158
52 7 71 3 168 158
52 8 71 3 168 158
52 9 70 3 168 158
52 10 70 3 168 158
52 28 42 3 168 158
52 29 43 3 168 158
52 30 43 3 168 158
52 31 39 3 168 158
52 31 42 3 168 158
52 31 43 3 168 158
52 32 39 3 168 158
52 33 39 3 168 158
52 33 40 3 168 158
52 34 41 3 168 158
52 34 42 3 168 158
52 35 42 3 168 158
52 35 43 3 168 158
52 36 31 3 168 158
52 36 43 3 168 158
52 37 31 3 168 158
52 38 30 3 168 158
52 38 31 3 168 158
52 39 31 3 168 158
52 40 31 3 168 158
52 41 30 3 168 158
52 42 30 3 168 158
52 43 29 3 168 158
52 43 30 3 168 158
52 76 82 3 168 158
52 77 82 3 168 158
52 77 83 3 168 158
52 78 83 3 168 158
52 78 84 3 168 158
52 79 85 3 168 158
52 79 86 3 168 158
52 80 86 3 168 158
52 80 87 3 168 158
52 81 87 3 168 158
52 81 88 3 168 158
52 82 88 3 168 158
52 83 88 3 168 158
52 83 89 3 168 158
52 84 89 3 168 158
52 85 89 3 168 158
52 85 90 3 168 158
52 86 90 3 168 158
52 87 90 3 168 158
52 88 90 3 168 158
52 89 90 3 168 158
52 89 91 3 168 158
52 90 90 3 168 158
52 90 91 3 168 158
52 91 90 3 168 158
52 91 91 3 168 158
52 92 90 3 168 158
52 93 90 3 168 158
52 94 90 3 168 158
52 95 89 3 168 158
52 96 89 3 168 158
53 5 70 3 168 158
53 6 69 3 168 158
53 6 70 3 168 158
53 7 69 3 168 158
53 7 70 3 168 158
53 7 71 3 168 158
53 8 69 3 168 158
53 8 70 3 168 158
53 8 71 3 168 158
53 9 69 3 168 158
53 9 70 3 168 158
53 10 69 3 168 158
53 10 70 3 168 158
53 11 68 3 168 158
53 11 69 3 168 158
53 29 43 3 168 158
53 29 44 3 168 158
53 30 44 3 168 158
53 31 34 3 168 158
53 31 43 3 168 158
53 31 44 3 168 158
53 32 34 3 168 158
53 32 39 3 168 158
53 33 34 3 168 158
53 33 39 3 168 158
53 33 40 3 168 158
53 34 34 3 168 158
53 34 41 3 168 158
53 34 42 3 168 158
53 35 43 3 168 158
53 36 31 3 168 158
53 36 43 3 168 158
53 37 31 3 168 158
53 37 32 3 168 158
53 38 31 3 168 158
53 38 32 3 168 158
53 39 32 3 168 158
53 40 31 3 168 158
53 40 32 3 168 158
53 41 30 3 168 158
53 41 31 3 168 158
53 42 30 3 168 158
53 43 30 3 168 158
53 44 30 3 168 158
53 45 30 3 168 158
53 76 82 3 168 158
53 76 83 3 168 158
53 77 83 3 168 158
53 78 84 3 168 158
53 78 85 3 168 158
53 79 85 3 168 158
53 79 86 3 168 158
53 80 86 3 168 158
53 80 87 3 168 158
53 81 87 3 168 158
53 81 88 3 168 158
53 82 88 3 168 158
53 83 89 3 168 158
53 84 89 3 168 158
53 85 90 3 168 158
53 86 90 3 168 158
53 87 90 3 168 158
53 87 91 3 168 158
53 88 91 3 168 158
53 89 91 3 168 158
53 90 91 3 168 158
53 91 91 3 168 158
53 92 91 3 168 158
53 93 90 3 168 158
53 93 91 3 168 158
53 94 90 3 168 158
53 94 91 3 168 158
53 95 90 3 168 158
53 96 89 3 168 158
53 96 90 3 168 158
53 97 89 3 168 158
54 8 69 3 168 158
54 9 68 3 168 158
54 9 69 3 168 158
54 10 68 3 168 158
54 10 69 3 168 158
54 11 68 3 168 158
54 27 36 3 168 158
54 28 35 3 168 158
54 28 36 3 168 158
54 29 35 3 168 158
54 29 44 3 168 158
54 30 35 3 168 158
54 30 43 3 168 158
54 30 44 3 168 158
54 31 34 3 168 158
54 31 35 3 168 158
54 31 43 3 168 158
54 31 44 3 168 158
54 32 34 3 168 158
54 33 33 3 168 158
54 33 34 3 168 158
54 34 33 3 168 158
54 34 41 3 168 158
54 34 42 3 168 158
54 35 32 3 168 158
54 35 33 3 168 158
54 35 43 3 168 158
54 36 31 3 168 158
54 36 32 3 168 158
54 36 43 3 168 158
54 37 32 3 168 158
54 38 32 3 168 158
54 38 33 3 168 158
54 39 33 3 168 158
54 40 33 3 168 158
54 41 33 3 168 158
54 42 30 3 168 158
54 43 30 3 168 158
54 44 30 3 168 158
54 45 30 3 168 158
54 46 30 3 168 158
54 46 31 3 168 158
54 76 82 3 168 158
54 76 83 3 168 158
54 77 83 3 168 158
54 78 84 3 168 158
54 78 85 3 168 158
54 79 85 3 168 158
54 79 86 3 168 158
54 80 86 3 168 158
54 80 87 3 168 158
54 81 87 3 168 158
54 81 88 3 168 158
54 82 88 3 168 158
54 83 88 3 168 158
54 83 89 3 168 158
54 84 89 3 168 158
54 85 90 3 168 158
54 86 90 3 168 158
54 87 90 3 168 158
54 87 91 3 168 158
54 88 91 3 168 158
54 89 91 3 168 158
54 90 91 3 168 158
54 91 91 3 168 158
54 92 91 3 168 158
54 93 91 3 168 158
54 94 91 3 168 158
54 95 90 3 168 158
54 95 91 3 168 158
54 96 90 3 168 158
54 97 89 3 168 158
54 97 90 3 168 158
54 98 89 3 168 158
54 98 90 3 168 158
54 99 89 3 168 158
55 26 36 3 168 158
55 27 35 3 168 158
55 27 36 3 168 158
55 28 35 3 168 158
55 29 35 3 168 158
55 30 34 3 168 158
55 30 35 3 168 158
55 31 34 3 168 158
55 32 34 3 168 158
55 33 33 3 168 158
55 33 34 3 168 158
55 34 33 3 168 158
55 35 32 3 168 158
55 36 31 3 168 158
55 36 32 3 168 158
55 37 32 3 168 158
55 37 33 3 168 158
55 38 33 3 168 158
55 38 34 3 168 158
55 39 34 3 168 158
55 40 34 3 168 158
55 40 35 3 168 158
55 41 34 3 168 158
55 43 30 3 168 158
55 44 30 3 168 158
55 45 30 3 168 158
55 46 31 3 168 158
55 47 31 3 168 158
55 76 82 3 168 158
55 77 83 3 168 158
55 78 83 3 168 158
55 78 84 3 168 158
55 79 85 3 168 158
55 79 86 3 168 158
55 80 86 3 168 158
55 81 86 3 168 158
55 81 87 3 168 158
55 82 87 3 168 158
55 82 88 3 168 158
55 83 88 3 168 158
55 83 89 3 168 158
55 84 89 3 168 158
55 85 89 3 168 158
55 85 90 3 168 158
55 86 90 3 168 158
55 87 90 3 168 158
55 87 91 3 168 158
55 88 91 3 168 158
55 89 91 3 168 158
55 90 91 3 168 158
55 91 91 3 168 158
55 92 91 3 168 158
55 93 91 3 168 158
55 94 91 3 168 158
55 95 91 3 168 158
55 96 91 3 168 158
55 97 90 3 168 158
55 97 91 3 168 158
55 98 90 3 168 158
55 99 89 3 168 158
55 99 90 3 168 158
55 100 89 3 168 158
56 26 36 3 168 158
56 27 35 3 168 158
56 27 36 3 168 158
56 28 35 3 168 158
56 29 35 3 168 158
56 30 35 3 168 158
56 31 34 3 168 158
56 31 35 3 168 158
56 32 34 3 168 158
56 32 35 3 168 158
56 33 34 3 168 158
56 34 31 3 168 158
56 34 33 3 168 158
56 34 34 3 168 158
56 35 30 3 168 158
56 35 32 3 168 158
56 36 29 3 168 158
56 36 30 3 168 158
56 36 31 3 168 158
56 37 32 3 168 158
56 37 33 3 168 158
56 38 33 3 168 158
56 38 34 3 168 158
56 39 34 3 168 158
56 39 35 3 168 158
56 39 36 3 168 158
56 40 36 3 168 158
56 41 35 3 168 158
56 41 36 3 168 158
56 45 30 3 168 158
56 46 30 3 168 158
56 46 31 3 168 158
56 47 30 3 168 158
56 47 31 3 168 158
56 76 82 3 168 158
56 77 82 3 168 158
56 77 83 3 168 158
56 78 83 3 168 158
56 78 84 3 168 158
56 79 84 3 168 158
56 79 85 3 168 158
56 80 86 3 168 158
56 81 86 3 168 158
56 81 87 3 168 158
56 82 87 3 168 158
56 82 88 3 168 158
56 83 88 3 168 158
56 84 88 3 168 158
56 84 89 3 168 158
56 85 89 3 168 158
56 85 90 3 168 158
56 86 89 3 168 158
56 86 90 3 168 158
56 87 90 3 168 158
56 88 90 3 168 158
56 88 91 3 168 158
56 89 91 3 168 158
56 90 91 3 168 158
56 91 91 3 168 158
56 92 91 3 168 158
56 93 91 3 168 158
56 94 91 3 168 158
56 95 91 3 168 158
56 96 91 3 168 158
56 97 90 3 168 158
56 97 91 3 168 158
56 98 90 3 168 158
56 98 91 3 168 158
56 99 90 3 168 158
56 100 89 3 168 158
56 100 90 3 168 158
57 25 36 3 168 158
57 26 36 3 168 158
57 27 36 3 168 158
57 28 36 3 168 158
57 29 35 3 168 158
57 29 36 3 168 158
57 30 35 3 168 158
57 30 36 3 168 158
57 31 35 3 168 158
57 32 35 3 168 158
57 33 31 3 168 158
57 33 34 3 168 158
57 33 35 3 168 158
57 34 29 3 168 158
57 34 30 3 168 158
57 34 31 3 168 158
57 34 33 3 168 158
57 34 34 3 168 158
57 35 28 3 168 158
57 35 29 3 168 158
57 35 30 3 168 158
57 36 24 3 168 158
57 36 29 3 168 158
57 37 24 3 168 158
57 38 24 3 168 158
57 38 33 3 168 158
57 38 34 3 168 158
57 38 35 3 168 158
57 39 35 3 168 158
57 39 36 3 168 158
57 40 36 3 168 158
57 40 37 3 168 158
57 41 36 3 168 158
57 41 37 3 168 158
57 76 81 3 168 158
57 76 82 3 168 158
57 77 81 3 168 158
57 77 82 3 168 158
57 77 83 3 168 158
57 78 83 3 168 158
57 78 84 3 168 158
57 79 84 3 168 158
57 79 85 3 168 158
57 80 85 3 168 158
57 80 86 3 168 158
57 81 86 3 168 158
57 81 87 3 168 158
57 82 86 3 168 158
57 82 87 3 168 158
57 83 87 3 168 158
57 83 88 3 168 158
57 84 88 3 168 158
57 84 89 3 168 158
57 85 88 3 168 158
57 85 89 3 168 158
57 86 89 3 168 158
57 86 90 3 168 158
57 87 89 3 168 158
57 87 90 3 168 158
57 88 90 3 168 158
57 88 91 3 168 158
57 89 90 3 168 158
57 89 91 3 168 158
57 90 91 3 168 158
57 91 91 3 168 158
57 92 91 3 168 158
57 93 91 3 168 158
57 94 91 3 168 158
57 95 91 3 168 158
57 96 91 3 168 158
57 97 91 3 168 158
57 98 90 3 168 158
57 98 91 3 168 158
57 99 90 3 168 158
57 100 90 3 168 158
58 1 88 3 168 158
58 1 89 3 168 158
58 2 88 3 168 158
58 25 37 3 168 158
58 26 36 3 168 158
58 26 37 3 168 158
58 27 36 3 168 158
58 27 37 3 168 158
58 28 36 3 168 158
58 29 36 3 168 158
58 30 32 3 168 158
58 30 35 3 168 158
58 30 36 3 168 158
58 31 31 3 168 158
58 31 32 3 168 158
58 31 35 3 168 158
58 32 31 3 168 158
58 32 32 3 168 158
58 32 35 3 168 158
58 33 29 3 168 158
58 33 30 3 168 158
58 33 31 3 168 158
58 33 35 3 168 158
58 34 28 3 168 158
58 34 29 3 168 158
58 34 30 3 168 158
58 35 27 3 168 158
58 35 28 3 168 158
58 35 29 3 168 158
58 36 24 3 168 158
58 36 25 3 168 158
58 37 24 3 168 158
58 37 25 3 168 158
58 38 24 3 168 158
58 38 34 3 168 158
58 39 36 3 168 158
58 39 37 3 168 158
58 40 37 3 168 158
58 40 38 3 168 158
58 41 37 3 168 158
58 41 38 3 168 158
58 42 38 3 168 158
58 76 80 3 168 158
58 76 81 3 168 158
58 77 80 3 168 158
58 77 81 3 168 158
58 77 82 3 168 158
58 78 82 3 168 158
58 78 83 3 168 158
58 79 84 3 168 158
58 79 85 3 168 158
58 80 85 3 168 158
58 81 86 3 168 158
58 82 86 3 168 158
58 82 87 3 168 158
58 83 87 3 168 158
58 83 88 3 168 158
58 84 87 3 168 158
58 84 88 3 168 158
58 85 88 3 168 158
58 85 89 3 168 158
58 86 88 3 168 158
58 86 89 3 168 158
58 87 89 3 168 158
58 87 90 3 168 158
58 88 89 3 168 158
58 88 90 3 168 158
58 89 90 3 168 158
58 90 90 3 168 158
58 90 91 3 168 158
58 91 91 3 168 158
58 92 91 3 168 158
58 93 91 3 168 158
58 94 91 3 168 158
58 95 91 3 168 158
58 96 91 3 168 158
58 97 91 3 168 158
58 98 91 3 168 158
58 99 90 3 168 158
58 99 91 3 168 158
58 100 90 3 168 158
59 1 89 3 168 158
59 2 88 3 168 158
59 2 89 3 168 158
59 3 88 3 168 158
59 10 74 3 168 158
59 11 74 3 168 158
59 11 75 3 168 158
59 23 67 3 168 158
59 23 68 3 168 158
59 24 66 3 168 158
59 24 67 3 168 158
59 25 66 3 168 158
59 26 32 3 168 158
59 26 36 3 168 158
59 26 37 3 168 158
59 27 32 3 168 158
59 27 33 3 168 158
59 27 36 3 168 158
59 27 37 3 168 158
59 28 32 3 168 158
59 28 33 3 168 158
59 28 36 3 168 158
59 29 31 3 168 158
59 29 32 3 168 158
59 29 36 3 168 158
59 30 31 3 168 158
59 30 32 3 168 158
59 30 36 3 168 158
59 31 30 3 168 158
59 31 31 3 168 158
59 31 32 3 168 158
59 32 30 3 168 158
59 32 31 3 168 158
59 33 29 3 168 158
59 33 30 3 168 158
59 34 28 3 168 158
59 34 29 3 168 158
59 35 28 3 168 158
59 36 25 3 168 158
59 37 25 3 168 158
59 38 25 3 168 158
59 39 24 3 168 158
59 39 25 3 168 158
59 39 36 3 168 158
59 39 37 3 168 158
59 40 37 3 168 158
59 40 38 3 168 158
59 41 38 3 168 158
59 41 39 3 168 158
59 42 39 3 168 158
59 76 79 3 168 158
59 76 80 3 168 158
59 77 80 3 168 158
59 77 81 3 168 158
59 77 82 3 168 158
59 78 82 3 168 158
59 78 83 3 168 158
59 79 83 3 168 158
59 79 84 3 168 158
59 80 84 3 168 158
59 80 85 3 168 158
59 81 85 3 168 158
59 81 86 3 168 158
59 82 86 3 168 158
59 83 86 3 168 158
59 83 87 3 168 158
59 84 87 3 168 158
59 84 88 3 168 158
59 85 87 3 168 158
59 85 88 3 168 158
59 86 88 3 168 158
59 86 89 3 168 158
59 87 88 3 168 158
59 87 89 3 168 158
59 88 88 3 168 158
59 88 89 3 168 158
59 88 90 3 168 158
59 89 89 3 168 158
59 89 90 3 168 158
59 90 90 3 168 158
59 91 90 3 168 158
59 91 91 3 168 158
59 92 90 3 168 158
59 92 91 3 168 158
59 93 91 3 168 158
59 94 91 3 168 158
59 95 91 3 168 158
59 96 91 3 168 158
59 97 91 3 168 158
59 98 91 3 168 158
59 99 90 3 168 158
59 99 91 3 168 158
59 100 90 3 168 158
60 1 89 3 168 158
60 1 90 3 168 158
60 2 88 3 168 158
60 2 89 3 168 158
60 3 87 3 168 158
60 3 88 3 168 158
60 4 86 3 168 158
60 4 87 3 168 158
60 10 75 3 168 158
60 11 75 3 168 158
60 12 75 3 168 158
60 24 68 3 168 158
60 25 64 3 168 158
60 25 65 3 168 158
60 25 66 3 168 158
60 26 32 3 168 158
60 26 64 3 168 158
60 27 31 3 168 158
60 27 32 3 168 158
60 28 31 3 168 158
60 28 32 3 168 158
60 29 31 3 168 158
60 29 32 3 168 158
60 30 30 3 168 158
60 30 31 3 168 158
60 31 30 3 168 158
60 31 31 3 168 158
60 32 30 3 168 158
60 33 29 3 168 158
60 33 30 3 168 158
60 34 29 3 168 158
60 35 28 3 168 158
60 35 29 3 168 158
60 36 25 3 168 158
60 37 25 3 168 158
60 38 25 3 168 158
60 39 25 3 168 158
60 39 37 3 168 158
60 40 25 3 168 158
60 40 37 3 168 158
60 40 38 3 168 158
60 41 39 3 168 158
60 41 40 3 168 158
60 42 39 3 168 158
60 42 40 3 168 158
60 43 40 3 168 158
60 77 82 3 168 158
60 78 82 3 168 158
60 78 83 3 168 158
60 79 83 3 168 158
60 79 84 3 168 158
60 80 84 3 168 158
60 80 85 3 168 158
60 81 85 3 168 158
60 82 85 3 168 158
60 82 86 3 168 158
60 83 86 3 168 158
60 83 87 3 168 158
60 84 86 3 168 158
60 84 87 3 168 158
60 85 87 3 168 158
60 85 88 3 168 158
60 86 87 3 168 158
60 86 88 3 168 158
60 87 88 3 168 158
60 88 88 3 168 158
60 88 89 3 168 158
60 89 88 3 168 158
60 89 89 3 168 158
60 90 89 3 168 158
60 90 90 3 168 158
60 91 89 3 168 158
60 91 90 3 168 158
60 92 90 3 168 158
60 93 90 3 168 158
60 93 91 3 168 158
60 94 90 3 168 158
60 94 91 3 168 158
60 95 91 3 168 158
60 96 91 3 168 158
60 97 91 3 168 158
60 98 91 3 168 158
60 99 90 3 168 158
60 99 91 3 168 158
60 100 90 3 168 158
61 1 89 3 168 158
61 1 90 3 168 158
61 2 89 3 168 158
61 3 88 3 168 158
61 3 89 3 168 158
61 4 86 3 168 158
61 4 87 3 168 158
61 4 88 3 168 158
61 5 86 3 168 158
61 6 86 3 168 158
61 22 71 3 168 158
61 23 70 3 168 158
61 23 71 3 168 158
61 24 68 3 168 158
61 24 69 3 168 158
61 25 68 3 168 158
61 26 66 3 168 158
61 28 31 3 168 158
61 29 31 3 168 158
61 30 31 3 168 158
61 31 30 3 168 158
61 31 31 3 168 158
61 32 30 3 168 158
61 33 30 3 168 158
61 34 29 3 168 158
61 34 30 3 168 158
61 35 29 3 168 158
61 36 29 3 168 158
61 37 25 3 168 158
61 38 25 3 168 158
61 39 25 3 168 158
61 40 25 3 168 158
61 40 38 3 168 158
61 40 39 3 168 158
61 41 25 3 168 158
61 41 39 3 168 158
61 41 40 3 168 158
61 42 40 3 168 158
61 42 41 3 168 158
61 43 41 3 168 158
61 44 41 3 168 158
61 76 83 3 168 158
61 77 83 3 168 158
61 78 83 3 168 158
61 78 84 3 168 158
61 79 84 3 168 158
61 80 84 3 168 158
61 80 85 3 168 158
61 81 85 3 168 158
61 82 85 3 168 158
61 83 85 3 168 158
61 83 86 3 168 158
61 84 84 3 168 158
61 84 85 3 168 158
61 84 86 3 168 158
61 84 87 3 168 158
61 85 84 3 168 158
61 85 86 3 168 158
61 85 87 3 168 158
61 86 86 3 168 158
61 86 87 3 168 158
61 87 87 3 168 158
61 87 88 3 168 158
61 88 87 3 168 158
61 88 88 3 168 158
61 89 87 3 168 158
61 89 88 3 168 158
61 90 88 3 168 158
61 90 89 3 168 158
61 91 88 3 168 158
61 91 89 3 168 158
61 92 88 3 168 158
61 92 89 3 168 158
61 92 90 3 168 158
61 93 89 3 168 158
61 93 90 3 168 158
61 94 90 3 168 158
61 95 90 3 168 158
61 96 90 3 168 158
61 97 90 3 168 158
61 97 91 3 168 158
61 98 90 3 168 158
61 98 91 3 168 158
61 99 90 3 168 158
61 99 91 3 168 158
61 100 90 3 168 158
62 1 89 3 168 158
62 1 90 3 168 158
62 2 89 3 168 158
62 3 88 3 168 158
62 3 89 3 168 158
62 4 87 3 168 158
62 4 88 3 168 158
62 5 86 3 168 158
62 5 87 3 168 158
62 6 85 3 168 158
62 6 86 3 168 158
62 7 85 3 168 158
62 22 72 3 168 158
62 22 73 3 168 158
62 23 71 3 168 158
62 23 72 3 168 158
62 24 68 3 168 158
62 24 69 3 168 158
62 25 68 3 168 158
62 26 66 3 168 158
62 26 67 3 168 158
62 27 65 3 168 158
62 28 31 3 168 158
62 29 31 3 168 158
62 30 31 3 168 158
62 31 31 3 168 158
62 32 30 3 168 158
62 32 31 3 168 158
62 33 30 3 168 158
62 33 31 3 168 158
62 34 30 3 168 158
62 35 29 3 168 158
62 35 30 3 168 158
62 36 29 3 168 158
62 36 30 3 168 158
62 40 25 3 168 158
62 41 25 3 168 158
62 41 39 3 168 158
62 41 40 3 168 158
62 42 40 3 168 158
62 42 41 3 168 158
62 43 41 3 168 158
62 43 42 3 168 158
62 44 42 3 168 158
62 76 82 3 168 158
62 76 83 3 168 158
62 77 83 3 168 158
62 78 84 3 168 158
62 79 84 3 168 158
62 79 85 3 168 158
62 80 85 3 168 158
62 81 85 3 168 158
62 82 85 3 168 158
62 83 84 3 168 158
62 83 85 3 168 158
62 84 84 3 168 158
62 84 85 3 168 158
62 85 73 3 168 158
62 85 83 3 168 158
62 85 84 3 168 158
62 85 86 3 168 158
62 86 73 3 168 158
62 86 74 3 168 158
62 86 82 3 168 158
62 86 83 3 168 158
62 86 86 3 168 158
62 86 87 3 168 158
62 87 72 3 168 158
62 87 73 3 168 158
62 87 86 3 168 158
62 87 87 3 168 158
62 88 71 3 168 158
62 88 72 3 168 158
62 88 86 3 168 158
62 88 87 3 168 158
62 89 71 3 168 158
62 89 86 3 168 158
62 89 87 3 168 158
62 90 70 3 168 158
62 90 87 3 168 158
62 90 88 3 168 158
62 91 87 3 168 158
62 91 88 3 168 158
62 92 87 3 168 158
62 92 88 3 168 158
62 92 89 3 168 158
62 93 88 3 168 158
62 93 89 3 168 158
62 94 88 3 168 158
62 94 89 3 168 158
62 94 90 3 168 158
62 95 89 3 168 158
62 95 90 3 168 158
62 96 89 3 168 158
62 96 90 3 168 158
62 97 90 3 168 158
62 98 90 3 168 158
62 99 90 3 168 158
62 100 90 3 168 158
63 1 89 3 168 158
63 2 89 3 168 158
63 3 88 3 168 158
63 3 89 3 168 158
63 4 88 3 168 158
63 5 87 3 168 158
63 5 88 3 168 158
63 6 86 3 168 158
63 6 87 3 168 158
63 7 85 3 168 158
63 7 86 3 168 158
63 8 84 3 168 158
63 8 85 3 168 158
63 9 84 3 168 158
63 21 73 3 168 158
63 21 74 3 168 158
63 22 72 3 168 158
63 22 73 3 168 158
63 23 71 3 168 158
63 23 72 3 168 158
63 24 69 3 168 158
63 24 70 3 168 158
63 24 71 3 168 158
63 25 69 3 168 158
63 26 66 3 168 158
63 26 67 3 168 158
63 27 65 3 168 158
63 29 31 3 168 158
63 29 32 3 168 158
63 30 31 3 168 158
63 30 32 3 168 158
63 31 31 3 168 158
63 31 32 3 168 158
63 32 31 3 168 158
63 33 31 3 168 158
63 34 30 3 168 158
63 34 31 3 168 158
63 35 30 3 168 158
63 35 31 3 168 158
63 36 30 3 168 158
63 42 41 3 168 158
63 43 42 3 168 158
63 44 42 3 168 158
63 44 43 3 168 158
63 45 43 3 168 158
63 76 83 3 168 158
63 77 83 3 168 158
63 77 84 3 168 158
63 78 84 3 168 158
63 79 84 3 168 158
63 79 85 3 168 158
63 80 85 3 168 158
63 81 84 3 168 158
63 81 85 3 168 158
63 82 84 3 168 158
63 82 85 3 168 158
63 83 83 3 168 158
63 83 84 3 168 158
63 84 82 3 168 158
63 84 83 3 168 158
63 84 84 3 168 158
63 85 73 3 168 158
63 85 82 3 168 158
63 85 83 3 168 158
63 86 72 3 168 158
63 86 73 3 168 158
63 86 81 3 168 158
63 86 82 3 168 158
63 87 71 3 168 158
63 87 72 3 168 158
63 88 70 3 168 158
63 88 71 3 168 158
63 89 70 3 168 158
63 90 69 3 168 158
63 90 70 3 168 158
63 91 69 3 168 158
63 91 70 3 168 158
63 91 87 3 168 158
63 92 70 3 168 158
63 92 71 3 168 158
63 92 87 3 168 158
63 93 70 3 168 158
63 93 71 3 168 158
63 93 87 3 168 158
63 93 88 3 168 158
63 94 70 3 168 158
63 94 71 3 168 158
63 94 87 3 168 158
63 94 88 3 168 158
63 94 89 3 168 158
63 95 87 3 168 158
63 95 88 3 168 158
63 95 89 3 168 158
63 96 88 3 168 158
63 96 89 3 168 158
63 97 88 3 168 158
63 97 89 3 168 158
63 98 89 3 168 158
63 99 89 3 168 158
63 100 89 3 168 158
64 1 89 3 168 158
64 2 88 3 168 158
64 2 89 3 168 158
64 3 88 3 168 158
64 3 89 3 168 158
64 4 88 3 168 158
64 5 87 3 168 158
64 5 88 3 168 158
64 6 86 3 168 158
64 6 87 3 168 158
64 7 85 3 168 158
64 7 86 3 168 158
64 8 85 3 168 158
64 9 84 3 168 158
64 9 85 3 168 158
64 10 83 3 168 158
64 10 84 3 168 158
64 20 74 3 168 158
64 21 73 3 168 158
64 21 74 3 168 158
64 22 73 3 168 158
64 23 71 3 168 158
64 23 72 3 168 158
64 24 70 3 168 158
64 24 71 3 168 158
64 25 69 3 168 158
64 25 70 3 168 158
64 26 67 3 168 158
64 26 68 3 168 158
64 29 32 3 168 158
64 29 61 3 168 158
64 30 32 3 168 158
64 31 32 3 168 158
64 32 31 3 168 158
64 32 32 3 168 158
64 33 30 3 168 158
64 33 31 3 168 158
64 34 31 3 168 158
64 35 31 3 168 158
64 36 31 3 168 158
64 43 41 3 168 158
64 43 42 3 168 158
64 44 42 3 168 158
64 44 43 3 168 158
64 45 43 3 168 158
64 45 44 3 168 158
64 46 44 3 168 158
64 76 83 3 168 158
64 77 83 3 168 158
64 77 84 3 168 158
64 78 84 3 168 158
64 79 84 3 168 158
64 79 85 3 168 158
64 80 84 3 168 158
64 80 85 3 168 158
64 81 83 3 168 158
64 81 84 3 168 158
64 82 82 3 168 158
64 82 83 3 168 158
64 82 84 3 168 158
64 83 82 3 168 158
64 83 83 3 168 158
64 84 81 3 168 158
64 84 82 3 168 158
64 85 74 3 168 158
64 85 75 3 168 158
64 85 80 3 168 158
64 85 81 3 168 158
64 85 82 3 168 158
64 86 72 3 168 158
64 86 73 3 168 158
64 86 80 3 168 158
64 86 81 3 168 158
64 87 71 3 168 158
64 87 72 3 168 158
64 88 70 3 168 158
64 88 71 3 168 158
64 89 69 3 168 158
64 89 70 3 168 158
64 90 69 3 168 158
64 90 70 3 168 158
64 91 69 3 168 158
64 92 69 3 168 158
64 92 70 3 168 158
64 93 69 3 168 158
64 93 70 3 168 158
64 94 70 3 168 158
64 94 71 3 168 158
64 95 70 3 168 158
64 95 71 3 168 158
64 95 72 3 168 158
64 95 87 3 168 158
64 96 71 3 168 158
64 96 72 3 168 158
64 96 87 3 168 158
64 96 88 3 168 158
64 97 86 3 168 158
64 97 87 3 168 158
64 97 88 3 168 158
64 97 89 3 168 158
64 98 87 3 168 158
64 98 88 3 168 158
64 98 89 3 168 158
64 99 88 3 168 158
64 99 89 3 168 158
64 100 88 3 168 158
64 100 89 3 168 158
65 1 88 3 168 158
65 1 89 3 168 158
65 2 88 3 168 158
65 3 88 3 168 158
65 4 87 3 168 158
65 4 88 3 168 158
65 5 87 3 168 158
65 5 88 3 168 158
65 6 86 3 168 158
65 6 87 3 168 158
65 7 86 3 168 158
65 8 85 3 168 158
65 8 86 3 168 158
65 9 84 3 168 158
65 9 85 3 168 158
65 10 83 3 168 158
65 10 84 3 168 158
65 20 74 3 168 158
65 21 73 3 168 158
65 21 74 3 168 158
65 22 72 3 168 158
65 22 73 3 168 158
65 23 71 3 168 158
65 23 72 3 168 158
65 24 70 3 168 158
65 24 71 3 168 158
65 25 69 3 168 158
65 25 70 3 168 158
65 27 68 3 168 158
65 28 68 3 168 158
65 29 33 3 168 158
65 29 61 3 168 158
65 29 65 3 168 158
65 30 32 3 168 158
65 30 33 3 168 158
65 30 61 3 168 158
65 31 32 3 168 158
65 31 33 3 168 158
65 32 32 3 168 158
65 33 30 3 168 158
65 33 31 3 168 158
65 34 30 3 168 158
65 34 31 3 168 158
65 34 32 3 168 158
65 35 31 3 168 158
65 35 32 3 168 158
65 36 31 3 168 158
65 36 32 3 168 158
65 44 43 3 168 158
65 45 43 3 168 158
65 45 44 3 168 158
65 46 44 3 168 158
65 76 82 3 168 158
65 76 83 3 168 158
65 77 82 3 168 158
65 77 83 3 168 158
65 78 83 3 168 158
65 78 84 3 168 158
65 79 83 3 168 158
65 79 84 3 168 158
65 80 82 3 168 158
65 80 83 3 168 158
65 80 84 3 168 158
65 81 81 3 168 158
65 81 82 3 168 158
65 81 83 3 168 158
65 82 80 3 168 158
65 82 81 3 168 158
65 82 82 3 168 158
65 83 77 3 168 158
65 83 78 3 168 158
65 83 79 3 168 158
65 83 80 3 168 158
65 83 81 3 168 158
65 84 75 3 168 158
65 84 76 3 168 158
65 84 77 3 168 158
65 84 80 3 168 158
65 84 81 3 168 158
65 85 74 3 168 158
65 85 75 3 168 158
65 85 80 3 168 158
65 86 73 3 168 158
65 87 71 3 168 158
65 87 72 3 168 158
65 88 70 3 168 158
65 88 71 3 168 158
65 89 69 3 168 158
65 89 70 3 168 158
65 90 69 3 168 158
65 91 69 3 168 158
65 92 69 3 168 158
65 93 69 3 168 158
65 94 69 3 168 158
65 94 70 3 168 158
65 95 70 3 168 158
65 96 70 3 168 158
65 96 71 3 168 158
65 96 72 3 168 158
65 97 71 3 168 158
65 97 72 3 168 158
65 97 86 3 168 158
65 98 72 3 168 158
65 98 73 3 168 158
65 98 86 3 168 158
65 98 87 3 168 158
65 99 73 3 168 158
65 99 86 3 168 158
65 99 87 3 168 158
65 99 88 3 168 158
65 100 86 3 168 158
65 100 87 3 168 158
65 100 88 3 168 158
66 1 87 3 168 158
66 1 88 3 168 158
66 2 87 3 168 158
66 2 88 3 168 158
66 3 87 3 168 158
66 3 88 3 168 158
66 4 87 3 168 158
66 5 87 3 168 158
66 6 86 3 168 158
66 6 87 3 168 158
66 7 86 3 168 158
66 8 85 3 168 158
66 8 86 3 168 158
66 9 85 3 168 158
66 10 84 3 168 158
66 10 85 3 168 158
66 11 84 3 168 158
66 23 88 3 168 158
66 24 87 3 168 158
66 24 88 3 168 158
66 25 70 3 168 158
66 25 71 3 168 158
66 25 87 3 168 158
66 26 71 3 168 158
66 27 68 3 168 158
66 28 65 3 168 158
66 28 66 3 168 158
66 28 68 3 168 158
66 28 69 3 168 158
66 29 33 3 168 158
66 29 61 3 168 158
66 29 65 3 168 158
66 29 66 3 168 158
66 30 33 3 168 158
66 31 33 3 168 158
66 32 33 3 168 158
66 34 32 3 168 158
66 35 32 3 168 158
66 36 32 3 168 158
66 76 81 3 168 158
66 76 82 3 168 158
66 77 81 3 168 158
66 77 82 3 168 158
66 77 83 3 168 158
66 78 82 3 168 158
66 78 83 3 168 158
66 79 81 3 168 158
66 79 82 3 168 158
66 79 83 3 168 158
66 80 81 3 168 158
66 80 82 3 168 158
66 80 83 3 168 158
66 81 80 3 168 158
66 81 81 3 168 158
66 81 82 3 168 158
66 82 78 3 168 158
66 82 79 3 168 158
66 82 80 3 168 158
66 82 81 3 168 158
66 83 76 3 168 158
66 83 77 3 168 158
66 83 78 3 168 158
66 84 75 3 168 158
66 84 76 3 168 158
66 84 77 3 168 158
66 85 74 3 168 158
66 85 75 3 168 158
66 86 73 3 168 158
66 86 74 3 168 158
66 87 71 3 168 158
66 87 72 3 168 158
66 88 71 3 168 158
66 89 70 3 168 158
66 90 69 3 168 158
66 90 70 3 168 158
66 91 68 3 168 158
66 91 69 3 168 158
66 92 68 3 168 158
66 92 69 3 168 158
66 93 68 3 168 158
66 93 69 3 168 158
66 94 69 3 168 158
66 95 69 3 168 158
66 95 70 3 168 158
66 96 70 3 168 158
66 96 71 3 168 158
66 97 71 3 168 158
66 97 72 3 168 158
66 98 72 3 168 158
66 98 73 3 168 158
66 99 73 3 168 158
66 99 86 3 168 158
66 100 73 3 168 158
66 100 74 3 168 158
66 100 85 3 168 158
66 100 86 3 168 158
67 1 84 3 168 158
67 1 85 3 168 158
67 1 86 3 168 158
67 1 87 3 168 158
67 2 86 3 168 158
67 2 87 3 168 158
67 3 86 3 168 158
67 3 87 3 168 158
67 4 86 3 168 158
67 4 87 3 168 158
67 5 86 3 168 158
67 5 87 3 168 158
67 6 86 3 168 158
67 6 87 3 168 158
67 7 85 3 168 158
67 7 86 3 168 158
67 8 85 3 168 158
67 8 86 3 168 158
67 9 85 3 168 158
67 10 84 3 168 158
67 10 85 3 168 158
67 11 84 3 168 158
67 19 90 3 168 158
67 19 91 3 168 158
67 20 91 3 168 158
67 20 92 3 168 158
67 21 92 3 168 158
67 21 93 3 168 158
67 22 93 3 168 158
67 22 94 3 168 158
67 23 88 3 168 158
67 23 94 3 168 158
67 24 74 3 168 158
67 24 87 3 168 158
67 24 88 3 168 158
67 24 94 3 168 158
67 25 71 3 168 158
67 25 72 3 168 158
67 25 74 3 168 158
67 25 87 3 168 158
67 26 71 3 168 158
67 26 72 3 168 158
67 27 68 3 168 158
67 27 69 3 168 158
67 27 71 3 168 158
67 27 72 3 168 158
67 28 65 3 168 158
67 28 68 3 168 158
67 28 69 3 168 158
67 29 33 3 168 158
67 29 65 3 168 158
67 30 33 3 168 158
67 31 33 3 168 158
67 32 33 3 168 158
67 35 32 3 168 158
67 36 32 3 168 158
67 77 80 3 168 158
67 77 81 3 168 158
67 77 82 3 168 158
67 78 81 3 168 158
67 78 82 3 168 158
67 79 79 3 168 158
67 79 80 3 168 158
67 79 81 3 168 158
67 79 82 3 168 158
67 80 79 3 168 158
67 80 80 3 168 158
67 80 81 3 168 158
67 81 79 3 168 158
67 81 80 3 168 158
67 82 77 3 168 158
67 82 78 3 168 158
67 82 79 3 168 158
67 83 76 3 168 158
67 83 77 3 168 158
67 84 75 3 168 158
67 84 76 3 168 158
67 85 74 3 168 158
67 85 75 3 168 158
67 86 72 3 168 158
67 86 73 3 168 158
67 87 71 3 168 158
67 87 72 3 168 158
67 88 71 3 168 158
67 89 70 3 168 158
67 90 69 3 168 158
67 90 70 3 168 158
67 91 68 3 168 158
67 91 69 3 168 158
67 92 68 3 168 158
67 93 68 3 168 158
67 93 69 3 168 158
67 94 68 3 168 158
67 94 69 3 168 158
67 95 69 3 168 158
67 95 70 3 168 158
67 96 70 3 168 158
67 96 71 3 168 158
67 97 70 3 168 158
67 97 71 3 168 158
67 98 71 3 168 158
67 98 72 3 168 158
67 99 72 3 168 158
67 99 73 3 168 158
67 100 73 3 168 158
67 100 74 3 168 158
68 1 74 3 168 158
68 1 75 3 168 158
68 1 84 3 168 158
68 1 85 3 168 158
68 2 75 3 168 158
68 2 84 3 168 158
68 2 85 3 168 158
68 3 76 3 168 158
68 3 84 3 168 158
68 3 85 3 168 158
68 3 86 3 168 158
68 4 84 3 168 158
68 4 85 3 168 158
68 4 86 3 168 158
68 5 85 3 168 158
68 5 86 3 168 158
68 6 85 3 168 158
68 6 86 3 168 158
68 7 85 3 168 158
68 8 85 3 168 158
68 9 84 3 168 158
68 9 85 3 168 158
68 10 84 3 168 158
68 10 85 3 168 158
68 11 85 3 168 158
68 11 89 3 168 158
68 12 89 3 168 158
68 13 89 3 168 158
68 15 92 3 168 158
68 18 93 3 168 158
68 18 94 3 168 158
68 19 91 3 168 158
68 20 91 3 168 158
68 20 92 3 168 158
68 21 92 3 168 158
68 21 93 3 168 158
68 22 93 3 168 158
68 22 94 3 168 158
68 23 74 3 168 158
68 23 87 3 168 158
68 23 93 3 168 158
68 23 94 3 168 158
68 24 74 3 168 158
68 24 87 3 168 158
68 24 94 3 168 158
68 25 69 3 168 158
68 25 70 3 168 158
68 25 71 3 168 158
68 25 72 3 168 158
68 25 73 3 168 158
68 25 74 3 168 158
68 26 66 3 168 158
68 26 69 3 168 158
68 26 70 3 168 158
68 26 71 3 168 158
68 26 72 3 168 158
68 27 64 3 168 158
68 27 67 3 168 158
68 27 68 3 168 158
68 27 71 3 168 158
68 27 72 3 168 158
68 28 67 3 168 158
68 28 68 3 168 158
68 29 33 3 168 158
68 30 33 3 168 158
68 31 33 3 168 158
68 76 78 3 168 158
68 76 79 3 168 158
68 77 79 3 168 158
68 77 80 3 168 158
68 78 78 3 168 158
68 78 79 3 168 158
68 78 80 3 168 158
68 78 81 3 168 158
68 79 78 3 168 158
68 79 79 3 168 158
68 79 80 3 168 158
68 80 77 3 168 158
68 80 78 3 168 158
68 80 79 3 168 158
68 81 76 3 168 158
68 81 77 3 168 158
68 81 78 3 168 158
68 81 79 3 168 158
68 82 75 3 168 158
68 82 76 3 168 158
68 82 77 3 168 158
68 82 78 3 168 158
68 83 74 3 168 158
68 83 75 3 168 158
68 83 76 3 168 158
68 84 74 3 168 158
68 84 75 3 168 158
68 85 73 3 168 158
68 85 74 3 168 158
68 86 72 3 168 158
68 86 73 3 168 158
68 87 71 3 168 158
68 87 72 3 168 158
68 88 70 3 168 158
68 88 71 3 168 158
68 89 70 3 168 158
68 90 69 3 168 158
68 90 70 3 168 158
68 91 69 3 168 158
68 92 68 3 168 158
68 93 68 3 168 158
68 94 68 3 168 158
68 94 69 3 168 158
68 95 68 3 168 158
68 95 69 3 168 158
68 96 69 3 168 158
68 96 70 3 168 158
68 97 70 3 168 158
68 97 71 3 168 158
68 98 71 3 168 158
68 99 71 3 168 158
68 99 72 3 168 158
68 100 72 3 168 158
68 100 73 3 168 158
69 1 74 3 168 158
69 2 74 3 168 158
69 2 75 3 168 158
69 3 75 3 168 158
69 3 76 3 168 158
69 3 83 3 168 158
69 3 84 3 168 158
69 4 75 3 168 158
69 4 76 3 168 158
69 4 83 3 168 158
69 4 84 3 168 158
69 5 76 3 168 158
69 5 83 3 168 158
69 5 84 3 168 158
69 6 83 3 168 158
69 6 84 3 168 158
69 6 85 3 168 158
69 7 83 3 168 158
69 7 84 3 168 158
69 8 84 3 168 158
69 9 84 3 168 158
69 10 84 3 168 158
69 11 84 3 168 158
69 11 85 3 168 158
69 11 88 3 168 158
69 11 89 3 168 158
69 12 88 3 168 158
69 12 89 3 168 158
69 13 89 3 168 158
69 13 92 3 168 158
69 13 93 3 168 158
69 14 93 3 168 158
69 15 92 3 168 158
69 16 92 3 168 158
69 16 94 3 168 158
69 17 94 3 168 158
69 18 93 3 168 158
69 18 94 3 168 158
69 19 91 3 168 158
69 19 92 3 168 158
69 20 91 3 168 158
69 20 92 3 168 158
69 21 92 3 168 158
69 21 93 3 168 158
69 22 72 3 168 158
69 22 74 3 168 158
69 22 75 3 168 158
69 22 92 3 168 158
69 22 93 3 168 158
69 23 71 3 168 158
69 23 72 3 168 158
69 23 73 3 168 158
69 23 74 3 168 158
69 23 75 3 168 158
69 23 93 3 168 158
69 24 69 3 168 158
69 24 70 3 168 158
69 24 71 3 168 158
69 24 72 3 168 158
69 24 73 3 168 158
69 25 66 3 168 158
69 25 67 3 168 158
69 25 68 3 168 158
69 25 69 3 168 158
69 25 73 3 168 158
69 26 63 3 168 158
69 26 64 3 168 158
69 26 66 3 168 158
69 26 67 3 168 158
69 26 68 3 168 158
69 26 69 3 168 158
69 27 64 3 168 158
69 77 77 3 168 158
69 77 78 3 168 158
69 77 79 3 168 158
69 78 77 3 168 158
69 78 78 3 168 158
69 78 79 3 168 158
69 79 77 3 168 158
69 79 78 3 168 158
69 80 76 3 168 158
69 80 77 3 168 158
69 80 78 3 168 158
69 81 75 3 168 158
69 81 76 3 168 158
69 81 77 3 168 158
69 82 74 3 168 158
69 82 75 3 168 158
69 82 76 3 168 158
69 83 72 3 168 158
69 83 73 3 168 158
69 83 74 3 168 158
69 83 75 3 168 158
69 84 72 3 168 158
69 84 73 3 168 158
69 84 74 3 168 158
69 85 72 3 168 158
69 85 73 3 168 158
69 86 71 3 168 158
69 86 72 3 168 158
69 86 73 3 168 158
69 87 71 3 168 158
69 87 72 3 168 158
69 88 70 3 168 158
69 88 71 3 168 158
69 89 70 3 168 158
69 90 69 3 168 158
69 90 70 3 168 158
69 91 68 3 168 158
69 91 69 3 168 158
69 92 68 3 168 158
69 93 67 3 168 158
69 93 68 3 168 158
69 94 67 3 168 158
69 94 68 3 168 158
69 95 67 3 168 158
69 95 68 3 168 158
69 96 68 3 168 158
69 96 69 3 168 158
69 97 69 3 168 158
69 97 70 3 168 158
69 98 70 3 168 158
69 98 71 3 168 158
69 99 71 3 168 158
69 99 72 3 168 158
69 100 71 3 168 158
69 100 72 3 168 158
69 100 73 3 168 158
70 1 73 3 168 158
70 1 74 3 168 158
70 2 74 3 168 158
70 2 75 3 168 158
70 3 74 3 168 158
70 3 75 3 168 158
70 4 75 3 168 158
70 4 76 3 168 158
70 5 75 3 168 158
70 5 76 3 168 158
70 6 75 3 168 158
70 6 76 3 168 158
70 6 82 3 168 158
70 6 83 3 168 158
70 7 76 3 168 158
70 7 82 3 168 158
70 7 83 3 168 158
70 7 84 3 168 158
70 8 76 3 168 158
70 8 82 3 168 158
70 8 83 3 168 158
70 8 84 3 168 158
70 9 83 3 168 158
70 9 84 3 168 158
70 10 83 3 168 158
70 10 84 3 168 158
70 11 84 3 168 158
70 11 85 3 168 158
70 11 87 3 168 158
70 11 88 3 168 158
70 12 85 3 168 158
70 12 86 3 168 158
70 12 87 3 168 158
70 12 88 3 168 158
70 13 86 3 168 158
70 13 87 3 168 158
70 13 88 3 168 158
70 13 91 3 168 158
70 13 92 3 168 158
70 13 93 3 168 158
70 14 87 3 168 158
70 14 91 3 168 158
70 14 92 3 168 158
70 14 93 3 168 158
70 15 91 3 168 158
70 15 92 3 168 158
70 16 91 3 168 158
70 16 92 3 168 158
70 16 93 3 168 158
70 16 94 3 168 158
70 17 93 3 168 158
70 17 94 3 168 158
70 18 91 3 168 158
70 18 92 3 168 158
70 18 93 3 168 158
70 18 94 3 168 158
70 19 89 3 168 158
70 19 90 3 168 158
70 19 91 3 168 158
70 19 92 3 168 158
70 20 73 3 168 158
70 20 74 3 168 158
70 20 89 3 168 158
70 20 90 3 168 158
70 20 91 3 168 158
70 21 72 3 168 158
70 21 73 3 168 158
70 21 74 3 168 158
70 21 90 3 168 158
70 21 91 3 168 158
70 22 71 3 168 158
70 22 72 3 168 158
70 22 73 3 168 158
70 22 74 3 168 158
70 23 69 3 168 158
70 23 70 3 168 158
70 23 71 3 168 158
70 24 65 3 168 158
70 24 66 3 168 158
70 24 67 3 168 158
70 24 68 3 168 158
70 24 69 3 168 158
70 24 70 3 168 158
70 25 64 3 168 158
70 25 65 3 168 158
70 25 66 3 168 158
70 25 67 3 168 158
70 25 68 3 168 158
70 77 75 3 168 158
70 77 76 3 168 158
70 77 77 3 168 158
70 78 75 3 168 158
70 78 76 3 168 158
70 78 77 3 168 158
70 79 75 3 168 158
70 79 76 3 168 158
70 79 77 3 168 158
70 80 75 3 168 158
70 80 76 3 168 158
70 81 73 3 168 158
70 81 74 3 168 158
70 81 75 3 168 158
70 82 73 3 168 158
70 82 74 3 168 158
70 83 71 3 168 158
70 83 72 3 168 158
70 83 73 3 168 158
70 84 70 3 168 158
70 84 71 3 168 158
70 84 72 3 168 158
70 85 70 3 168 158
70 85 71 3 168 158
70 85 72 3 168 158
70 86 70 3 168 158
70 86 71 3 168 158
70 86 72 3 168 158
70 87 70 3 168 158
70 87 71 3 168 158
70 88 69 3 168 158
70 88 70 3 168 158
70 89 69 3 168 158
70 89 70 3 168 158
70 90 68 3 168 158
70 90 69 3 168 158
70 91 68 3 168 158
70 91 69 3 168 158
70 92 67 3 168 158
70 92 68 3 168 158
70 93 67 3 168 158
70 94 66 3 168 158
70 94 67 3 168 158
70 95 66 3 168 158
70 95 67 3 168 158
70 95 68 3 168 158
70 96 67 3 168 158
70 96 68 3 168 158
70 97 68 3 168 158
70 97 69 3 168 158
70 98 68 3 168 158
70 98 69 3 168 158
70 98 70 3 168 158
70 98 71 3 168 158
70 99 69 3 168 158
70 99 70 3 168 158
70 99 71 3 168 158
70 100 70 3 168 158
70 100 71 3 168 158
70 100 72 3 168 158
71 1 72 3 168 158
71 1 73 3 168 158
71 2 73 3 168 158
71 2 74 3 168 158
71 3 73 3 168 158
71 3 74 3 168 158
71 4 74 3 168 158
71 4 75 3 168 158
71 5 74 3 168 158
71 5 75 3 168 158
71 6 75 3 168 158
71 7 75 3 168 158
71 7 76 3 168 158
71 8 75 3 168 158
71 8 76 3 168 158
71 9 75 3 168 158
71 9 76 3 168 158
71 9 82 3 168 158
71 9 83 3 168 158
71 10 76 3 168 158
71 10 82 3 168 158
71 10 83 3 168 158
71 11 76 3 168 158
71 11 82 3 168 158
71 11 83 3 168 158
71 11 84 3 168 158
71 12 83 3 168 158
71 12 84 3 168 158
71 12 85 3 168 158
71 12 86 3 168 158
71 13 84 3 168 158
71 13 85 3 168 158
71 13 86 3 168 158
71 14 85 3 168 158
71 14 86 3 168 158
71 14 87 3 168 158
71 14 88 3 168 158
71 14 89 3 168 158
71 14 90 3 168 158
71 14 91 3 168 158
71 15 86 3 168 158
71 15 87 3 168 158
71 15 88 3 168 158
71 15 89 3 168 158
71 15 90 3 168 158
71 15 91 3 168 158
71 16 86 3 168 158
71 16 87 3 168 158
71 16 88 3 168 158
71 16 89 3 168 158
71 16 90 3 168 158
71 16 91 3 168 158
71 16 92 3 168 158
71 17 74 3 168 158
71 17 87 3 168 158
71 17 88 3 168 158
71 17 89 3 168 158
71 17 90 3 168 158
71 17 91 3 168 158
71 17 92 3 168 158
71 17 93 3 168 158
71 18 73 3 168 158
71 18 74 3 168 158
71 18 88 3 168 158
71 18 89 3 168 158
71 18 90 3 168 158
71 18 91 3 168 158
71 18 92 3 168 158
71 18 93 3 168 158
71 19 73 3 168 158
71 19 74 3 168 158
71 19 88 3 168 158
71 19 89 3 168 158
71 19 90 3 168 158
71 19 91 3 168 158
71 20 72 3 168 158
71 20 73 3 168 158
71 20 89 3 168 158
71 21 70 3 168 158
71 21 71 3 168 158
71 21 72 3 168 158
71 21 73 3 168 158
71 22 69 3 168 158
71 22 70 3 168 158
71 22 71 3 168 158
71 23 67 3 168 158
71 23 68 3 168 158
71 23 69 3 168 158
71 23 70 3 168 158
71 24 64 3 168 158
71 24 65 3 168 158
71 24 67 3 168 158
71 24 68 3 168 158
71 25 64 3 168 158
71 78 73 3 168 158
71 78 74 3 168 158
71 78 75 3 168 158
71 79 73 3 168 158
71 79 74 3 168 158
71 79 75 3 168 158
71 80 73 3 168 158
71 80 74 3 168 158
71 80 75 3 168 158
71 81 72 3 168 158
71 81 73 3 168 158
71 81 74 3 168 158
71 82 71 3 168 158
71 82 72 3 168 158
71 82 73 3 168 158
71 83 70 3 168 158
71 83 71 3 168 158
71 83 72 3 168 158
71 84 69 3 168 158
71 84 70 3 168 158
71 85 67 3 168 158
71 85 68 3 168 158
71 85 69 3 168 158
71 85 70 3 168 158
71 86 67 3 168 158
71 86 68 3 168 158
71 86 69 3 168 158
71 86 70 3 168 158
71 87 67 3 168 158
71 87 68 3 168 158
71 87 69 3 168 158
71 87 70 3 168 158
71 88 68 3 168 158
71 88 69 3 168 158
71 89 68 3 168 158
71 89 69 3 168 158
71 90 67 3 168 158
71 90 68 3 168 158
71 90 69 3 168 158
71 91 67 3 168 158
71 91 68 3 168 158
71 92 66 3 168 158
71 92 67 3 168 158
71 92 68 3 168 158
71 93 65 3 168 158
71 93 66 3 168 158
71 93 67 3 168 158
71 94 64 3 168 158
71 94 65 3 168 158
71 94 66 3 168 158
71 95 63 3 168 158
71 95 64 3 168 158
71 95 65 3 168 158
71 95 66 3 168 158
71 96 64 3 168 158
71 96 65 3 168 158
71 96 66 3 168 158
71 96 67 3 168 158
71 97 65 3 168 158
71 97 66 3 168 158
71 97 67 3 168 158
71 97 68 3 168 158
71 98 67 3 168 158
71 98 68 3 168 158
71 98 69 3 168 158
71 99 68 3 168 158
71 99 69 3 168 158
71 99 70 3 168 158
71 100 69 3 168 158
71 100 70 3 168 158
71 100 71 3 168 158
72 1 70 3 168 158
72 1 71 3 168 158
72 1 72 3 168 158
72 2 71 3 168 158
72 2 72 3 168 158
72 2 73 3 168 158
72 3 72 3 168 158
72 3 73 3 168 158
72 3 74 3 168 158
72 4 72 3 168 158
72 4 73 3 168 158
72 4 74 3 168 158
72 5 73 3 168 158
72 5 74 3 168 158
72 6 74 3 168 158
72 6 75 3 168 158
72 7 74 3 168 158
72 7 75 3 168 158
72 8 74 3 168 158
72 8 75 3 168 158
72 9 74 3 168 158
72 9 75 3 168 158
72 9 76 3 168 158
72 10 75 3 168 158
72 10 76 3 168 158
72 11 75 3 168 158
72 11 76 3 168 158
72 11 83 3 168 158
72 12 75 3 168 158
72 12 76 3 168 158
72 12 83 3 168 158
72 12 84 3 168 158
72 13 74 3 168 158
72 13 75 3 168 158
72 13 83 3 168 158
72 13 84 3 168 158
72 14 74 3 168 158
72 14 75 3 168 158
72 14 84 3 168 158
72 14 85 3 168 158
72 15 74 3 168 158
72 15 75 3 168 158
72 15 84 3 168 158
72 15 85 3 168 158
72 15 86 3 168 158
72 16 73 3 168 158
72 16 74 3 168 158
72 16 85 3 168 158
72 16 86 3 168 158
72 16 87 3 168 158
72 17 72 3 168 158
72 17 73 3 168 158
72 17 74 3 168 158
72 17 86 3 168 158
72 17 87 3 168 158
72 18 71 3 168 158
72 18 72 3 168 158
72 18 73 3 168 158
72 18 74 3 168 158
72 19 71 3 168 158
72 19 72 3 168 158
72 19 73 3 168 158
72 20 70 3 168 158
72 20 71 3 168 158
72 20 72 3 168 158
72 21 68 3 168 158
72 21 69 3 168 158
72 21 70 3 168 158
72 21 71 3 168 158
72 22 66 3 168 158
72 22 67 3 168 158
72 22 69 3 168 158
72 22 70 3 168 158
72 23 66 3 168 158
72 23 67 3 168 158
72 79 72 3 168 158
72 79 73 3 168 158
72 80 71 3 168 158
72 80 72 3 168 158
72 80 73 3 168 158
72 81 70 3 168 158
72 81 71 3 168 158
72 81 72 3 168 158
72 82 70 3 168 158
72 82 71 3 168 158
72 82 72 3 168 158
72 83 69 3 168 158
72 83 70 3 168 158
72 83 71 3 168 158
72 84 68 3 168 158
72 84 69 3 168 158
72 84 70 3 168 158
72 85 67 3 168 158
72 85 68 3 168 158
72 86 62 3 168 158
72 86 65 3 168 158
72 86 66 3 168 158
72 86 67 3 168 158
72 87 59 3 168 158
72 87 60 3 168 158
72 87 61 3 168 158
72 87 62 3 168 158
72 87 67 3 168 158
72 88 59 3 168 158
72 88 65 3 168 158
72 88 66 3 168 158
72 88 67 3 168 158
72 88 68 3 168 158
72 89 65 3 168 158
72 89 66 3 168 158
72 89 67 3 168 158
72 89 68 3 168 158
72 90 65 3 168 158
72 90 66 3 168 158
72 90 67 3 168 158
72 91 65 3 168 158
72 91 66 3 168 158
72 91 67 3 168 158
72 92 64 3 168 158
72 92 65 3 168 158
72 92 66 3 168 158
72 93 64 3 168 158
72 93 65 3 168 158
72 93 66 3 168 158
72 94 64 3 168 158
72 94 65 3 168 158
72 95 63 3 168 158
72 95 64 3 168 158
72 96 63 3 168 158
72 96 64 3 168 158
72 96 65 3 168 158
72 97 64 3 168 158
72 97 65 3 168 158
72 97 66 3 168 158
72 98 65 3 168 158
72 98 66 3 168 158
72 98 67 3 168 158
72 99 65 3 168 158
72 99 66 3 168 158
72 99 67 3 168 158
72 99 68 3 168 158
72 100 65 3 168 158
72 100 66 3 168 158
72 100 67 3 168 158
72 100 68 3 168 158
72 100 69 3 168 158
73 1 68 3 168 158
73 1 69 3 168 158
73 1 70 3 168 158
73 1 71 3 168 158
73 2 68 3 168 158
73 2 69 3 168 158
73 2 70 3 168 158
73 2 71 3 168 158
73 2 72 3 168 158
73 3 70 3 168 158
73 3 71 3 168 158
73 3 72 3 168 158
73 4 70 3 168 158
73 4 71 3 168 158
73 4 72 3 168 158
73 4 73 3 168 158
73 5 71 3 168 158
73 5 72 3 168 158
73 5 73 3 168 158
73 6 72 3 168 158
73 6 73 3 168 158
73 6 74 3 168 158
73 7 72 3 168 158
73 7 73 3 168 158
73 7 74 3 168 158
73 8 73 3 168 158
73 8 74 3 168 158
73 9 73 3 168 158
73 9 74 3 168 158
73 10 73 3 168 158
73 10 74 3 168 158
73 11 73 3 168 158
73 11 74 3 168 158
73 12 73 3 168 158
73 12 74 3 168 158
73 13 73 3 168 158
73 13 74 3 168 158
73 14 73 3 168 158
73 14 74 3 168 158
73 15 71 3 168 158
73 15 72 3 168 158
73 15 73 3 168 158
73 15 74 3 168 158
73 16 71 3 168 158
73 16 72 3 168 158
73 16 73 3 168 158
73 17 70 3 168 158
73 17 71 3 168 158
73 17 72 3 168 158
73 17 73 3 168 158
73 18 68 3 168 158
73 18 69 3 168 158
73 18 70 3 168 158
73 18 71 3 168 158
73 18 72 3 168 158
73 19 67 3 168 158
73 19 68 3 168 158
73 19 69 3 168 158
73 19 70 3 168 158
73 19 71 3 168 158
73 20 67 3 168 158
73 20 68 3 168 158
73 20 69 3 168 158
73 20 70 3 168 158
73 21 67 3 168 158
73 21 68 3 168 158
73 81 65 3 168 158
73 81 68 3 168 158
73 81 69 3 168 158
73 81 70 3 168 158
73 82 66 3 168 158
73 82 67 3 168 158
73 82 68 3 168 158
73 82 69 3 168 158
73 82 70 3 168 158
73 83 67 3 168 158
73 83 68 3 168 158
73 83 69 3 168 158
73 84 67 3 168 158
73 84 68 3 168 158
73 84 69 3 168 158
73 85 66 3 168 158
73 85 67 3 168 158
73 86 59 3 168 158
73 86 60 3 168 158
73 86 61 3 168 158
73 86 62 3 168 158
73 86 65 3 168 158
73 86 66 3 168 158
73 87 58 3 168 158
73 87 59 3 168 158
73 87 60 3 168 158
73 87 61 3 168 158
73 88 57 3 168 158
73 88 58 3 168 158
73 88 59 3 168 158
73 88 64 3 168 158
73 89 57 3 168 158
73 89 58 3 168 158
73 89 64 3 168 158
73 90 64 3 168 158
73 90 65 3 168 158
73 91 64 3 168 158
73 92 64 3 168 158
74 1 68 3 168 158
74 2 68 3 168 158
74 2 69 3 168 158
74 3 69 3 168 158
74 3 70 3 168 158
74 4 69 3 168 158
74 4 70 3 168 158
74 5 69 3 168 158
74 5 70 3 168 158
74 5 71 3 168 158
74 6 70 3 168 158
74 6 71 3 168 158
74 6 72 3 168 158
74 7 70 3 168 158
74 7 71 3 168 158
74 7 72 3 168 158
74 8 70 3 168 158
74 8 71 3 168 158
74 8 72 3 168 158
74 9 70 3 168 158
74 9 71 3 168 158
74 9 72 3 168 158
74 9 73 3 168 158
74 10 70 3 168 158
74 10 71 3 168 158
74 10 72 3 168 158
74 10 73 3 168 158
74 11 70 3 168 158
74 11 71 3 168 158
74 11 72 3 168 158
74 11 73 3 168 158
74 12 71 3 168 158
74 12 72 3 168 158
74 12 73 3 168 158
74 13 70 3 168 158
74 13 71 3 168 158
74 13 72 3 168 158
74 14 70 3 168 158
74 14 71 3 168 158
74 14 72 3 168 158
74 15 68 3 168 158
74 15 70 3 168 158
74 15 71 3 168 158
74 15 72 3 168 158
74 16 68 3 168 158
74 16 69 3 168 158
74 16 70 3 168 158
74 16 71 3 168 158
74 17 68 3 168 158
74 17 69 3 168 158
74 17 70 3 168 158
74 18 67 3 168 158
74 18 68 3 168 158
74 80 63 3 168 158
74 80 64 3 168 158
74 81 64 3 168 158
74 81 65 3 168 158
74 81 66 3 168 158
74 82 65 3 168 158
74 82 66 3 168 158
74 82 67 3 168 158
74 83 66 3 168 158
74 83 67 3 168 158
74 84 66 3 168 158
74 84 67 3 168 158
74 85 58 3 168 158
74 85 59 3 168 158
74 85 65 3 168 158
74 85 66 3 168 158
74 86 57 3 168 158
74 86 58 3 168 158
74 86 59 3 168 158
74 86 65 3 168 158
74 86 66 3 168 158
74 87 57 3 168 158
74 87 58 3 168 158
74 87 59 3 168 158
74 88 57 3 168 158
74 88 58 3 168 158
75 79 62 3 168 158
75 80 62 3 168 158
75 80 63 3 168 158
75 81 63 3 168 158
75 81 64 3 168 158
75 81 65 3 168 158
75 82 64 3 168 158
75 82 65 3 168 158
75 83 60 3 168 158
75 83 61 3 168 158
75 83 64 3 168 158
75 83 65 3 168 158
75 83 66 3 168 158
75 84 59 3 168 158
75 84 60 3 168 158
75 84 61 3 168 158
75 84 64 3 168 158
75 84 65 3 168 158
75 84 66 3 168 158
75 85 58 3 168 158
75 85 59 3 168 158
75 85 65 3 168 158
76 78 61 3 168 158
76 79 61 3 168 158
76 79 62 3 168 158
76 80 62 3 168 158
76 80 63 3 168 158
76 81 63 3 168 158
76 81 64 3 168 158
76 82 59 3 168 158
76 82 62 3 168 158
76 82 63 3 168 158
76 82 64 3 168 158
76 83 58 3 168 158
76 83 59 3 168 158
76 83 60 3 168 158
76 83 62 3 168 158
76 83 63 3 168 158
76 83 64 3 168 158
76 84 58 3 168 158
76 84 59 3 168 158
76 85 57 3 168 158
76 85 58 3 168 158
77 78 61 3 168 158
77 79 61 3 168 158
77 79 62 3 168 158
77 80 62 3 168 158
77 81 62 3 168 158
77 81 63 3 168 158
77 82 58 3 168 158
77 82 59 3 168 158
77 82 61 3 168 158
77 82 62 3 168 158
77 82 63 3 168 158
77 83 57 3 168 158
77 83 58 3 168 158
77 83 62 3 168 158
77 84 57 3 168 158
77 84 58 3 168 158
77 85 57 3 168 158
78 77 58 3 168 158
78 78 58 3 168 158
78 78 60 3 168 158
78 78 61 3 168 158
78 79 61 3 168 158
78 80 61 3 168 158
78 80 62 3 168 158
78 81 60 3 168 158
78 81 61 3 168 158
78 81 62 3 168 158
78 82 60 3 168 158
78 82 61 3 168 158
79 78 58 3 168 158
79 79 60 3 168 158
79 79 61 3 168 158
79 80 60 3 168 158
79 80 61 3 168 158
79 81 60 3 168 158
79 81 61 3 168 158
79 82 60 3 168 158