225
21 50 44 23 197 144
21 50 56 23 197 144
22 46 44 23 197 144
22 46 56 23 197 144
22 54 44 23 197 144
22 54 56 23 197 144
24 43 45 23 197 144
24 43 55 23 197 144
24 57 45 23 197 144
24 57 55 23 197 144
26 50 33 23 197 144
26 50 67 23 197 144
27 46 33 23 197 144
27 46 67 23 197 144
27 54 33 23 197 144
27 54 67 23 197 144
28 41 46 23 197 144
28 41 54 23 197 144
28 59 46 23 197 144
28 59 54 23 197 144
29 43 35 23 197 144
29 43 65 23 197 144
29 57 35 23 197 144
29 57 65 23 197 144
32 41 37 23 197 144
32 41 47 23 197 144
32 41 53 23 197 144
32 41 63 23 197 144
32 59 37 23 197 144
32 59 47 23 197 144
32 59 53 23 197 144
32 59 63 23 197 144
35 41 39 23 197 144
35 41 61 23 197 144
35 50 25 23 197 144
35 59 39 23 197 144
35 59 61 23 197 144
36 42 47 23 197 144
36 42 53 23 197 144
36 46 25 23 197 144
36 46 75 23 197 144
36 50 75 23 197 144
36 54 25 23 197 144
36 54 75 23 197 144
36 58 47 23 197 144
36 58 53 23 197 144
37 43 27 23 197 144
37 43 73 23 197 144
37 57 27 23 197 144
37 57 73 23 197 144
38 42 42 23 197 144
38 42 58 23 197 144
38 58 42 23 197 144
38 58 58 23 197 144
39 41 31 23 197 144
39 41 69 23 197 144
39 45 48 23 197 144
39 45 52 23 197 144
39 55 48 23 197 144
39 55 52 23 197 144
39 59 31 23 197 144
39 59 69 23 197 144
41 41 34 23 197 144
41 41 66 23 197 144
41 45 43 23 197 144
41 45 57 23 197 144
41 48 48 23 197 144
41 48 52 23 197 144
41 52 48 23 197 144
41 52 52 23 197 144
41 55 43 23 197 144
41 55 57 23 197 144
41 59 34 23 197 144
41 59 66 23 197 144
42 48 44 23 197 144
42 48 56 23 197 144
42 52 44 23 197 144
42 52 56 23 197 144
43 42 38 23 197 144
43 42 62 23 197 144
43 58 38 23 197 144
43 58 62 23 197 144
45 45 40 23 197 144
45 45 60 23 197 144
45 48 42 23 197 144
45 48 58 23 197 144
45 52 42 23 197 144
45 52 58 23 197 144
45 55 40 23 197 144
45 55 60 23 197 144
47 46 22 23 197 144
47 46 78 23 197 144
47 50 21 23 197 144
47 50 79 23 197 144
47 54 22 23 197 144
47 54 78 23 197 144
48 41 28 23 197 144
48 41 72 23 197 144
48 43 24 23 197 144
48 43 76 23 197 144
48 57 24 23 197 144
48 57 76 23 197 144
48 59 28 23 197 144
48 59 72 23 197 144
49 41 32 23 197 144
49 41 68 23 197 144
49 42 36 23 197 144
49 42 64 23 197 144
49 45 39 23 197 144
49 45 61 23 197 144
49 48 40 23 197 144
49 48 60 23 197 144
49 52 40 23 197 144
49 52 60 23 197 144
49 55 39 23 197 144
49 55 61 23 197 144
49 58 36 23 197 144
49 58 64 23 197 144
49 59 32 23 197 144
49 59 68 23 197 144
53 45 39 23 197 144
53 45 61 23 197 144
53 48 41 23 197 144
53 48 59 23 197 144
53 52 41 23 197 144
53 52 59 23 197 144
53 55 39 23 197 144
53 55 61 23 197 144
54 42 36 23 197 144
54 42 64 23 197 144
54 58 36 23 197 144
54 58 64 23 197 144
55 41 32 23 197 144
55 41 68 23 197 144
55 59 32 23 197 144
55 59 68 23 197 144
56 48 43 23 197 144
56 48 57 23 197 144
56 52 43 23 197 144
56 52 57 23 197 144
57 41 29 23 197 144
57 41 71 23 197 144
57 45 42 23 197 144
57 45 58 23 197 144
57 55 42 23 197 144
57 55 58 23 197 144
57 59 29 23 197 144
57 59 71 23 197 144
58 43 25 23 197 144
58 43 75 23 197 144
58 57 25 23 197 144
58 57 75 23 197 144
59 46 23 23 197 144
59 46 77 23 197 144
59 48 46 23 197 144
59 48 54 23 197 144
59 50 22 23 197 144
59 50 78 23 197 144
59 52 46 23 197 144
59 52 54 23 197 144
59 54 23 23 197 144
59 54 77 23 197 144
60 42 39 23 197 144
60 42 61 23 197 144
60 45 46 23 197 144
60 45 54 23 197 144
60 48 50 23 197 144
60 52 50 23 197 144
60 55 46 23 197 144
60 55 54 23 197 144
60 58 39 23 197 144
60 58 61 23 197 144
61 45 50 23 197 144
61 55 50 23 197 144
62 41 36 23 197 144
62 41 64 23 197 144
62 59 36 23 197 144
62 59 64 23 197 144
63 42 44 23 197 144
63 42 56 23 197 144
63 58 44 23 197 144
63 58 56 23 197 144
64 42 50 23 197 144
65 41 33 23 197 144
65 41 67 23 197 144
65 58 50 23 197 144
65 59 33 23 197 144
65 59 67 23 197 144
67 41 43 23 197 144
67 41 57 23 197 144
67 43 31 23 197 144
67 43 69 23 197 144
67 57 31 23 197 144
67 57 69 23 197 144
67 59 43 23 197 144
67 59 57 23 197 144
68 41 50 23 197 144
68 59 50 23 197 144
69 46 29 23 197 144
69 46 71 23 197 144
69 54 29 23 197 144
69 54 71 23 197 144
70 50 28 23 197 144
70 50 72 23 197 144
71 41 41 23 197 144
71 41 59 23 197 144
71 59 41 23 197 144
71 59 59 23 197 144
73 41 50 23 197 144
73 59 50 23 197 144
74 43 40 23 197 144
74 43 60 23 197 144
74 57 40 23 197 144
74 57 60 23 197 144
76 43 50 23 197 144
76 46 39 23 197 144
76 46 61 23 197 144
76 54 39 23 197 144
76 54 61 23 197 144
76 57 50 23 197 144
77 50 38 23 197 144
77 50 62 23 197 144
79 46 50 23 197 144
79 50 50 23 197 144
79 54 50 23 197 144
