1991
23 84 77 58 214 196
23 85 76 58 216 193
23 85 77 58 216 196
23 86 76 58 219 193
23 87 75 58 221 191
23 89 75 58 226 191
23 90 73 58 229 186
23 90 74 58 229 188
23 91 73 58 232 186
23 91 74 58 232 188
23 92 73 58 234 186
23 92 74 58 234 188
23 93 73 58 237 186
23 93 74 58 237 188
23 94 74 58 239 188
23 94 75 58 239 191
23 95 75 58 242 191
23 95 76 58 242 193
23 96 76 58 244 193
23 96 77 58 244 196
23 97 77 58 247 196
23 97 78 58 247 198
23 98 78 58 249 198
23 98 79 58 249 201
23 99 79 58 252 201
23 99 80 58 252 204
23 100 80 58 255 204
24 1 81 61 2 206
24 2 81 61 5 206
24 3 81 61 7 206
24 4 80 61 10 204
24 4 81 61 10 206
24 5 80 61 12 204
24 5 81 61 12 206
24 6 80 61 15 204
24 7 80 61 17 204
24 84 77 61 214 196
24 84 78 61 214 198
24 85 76 61 216 193
24 85 77 61 216 196
24 85 78 61 216 198
24 86 76 61 219 193
24 86 77 61 219 196
24 87 75 61 221 191
24 87 76 61 221 193
24 87 77 61 221 196
24 88 75 61 224 191
24 88 76 61 224 193
24 89 74 61 226 188
24 89 75 61 226 191
24 90 73 61 229 186
24 90 74 61 229 188
24 91 73 61 232 186
24 92 73 61 234 186
24 93 73 61 237 186
24 93 74 61 237 188
24 94 74 61 239 188
24 95 74 61 242 188
24 95 75 61 242 191
24 96 76 61 244 193
24 97 77 61 247 196
24 97 78 61 247 198
24 98 78 61 249 198
24 98 79 61 249 201
24 99 79 61 252 201
24 99 80 61 252 204
24 100 80 61 255 204
25 1 81 63 2 206
25 2 81 63 5 206
25 3 81 63 7 206
25 4 80 63 10 204
25 4 81 63 10 206
25 84 78 63 214 198
25 85 78 63 216 198
25 85 79 63 216 201
25 86 77 63 219 196
25 86 78 63 219 198
25 86 79 63 219 201
25 87 77 63 221 196
25 88 75 63 224 191
25 89 75 63 226 191
25 100 82 63 255 209
26 2 81 66 5 206
26 2 82 66 5 209
26 3 81 66 7 206
26 3 82 66 7 209
26 4 82 66 10 209
26 5 82 66 12 209
26 84 78 66 214 198
26 84 79 66 214 201
26 85 79 66 216 201
26 85 80 66 216 204
26 86 79 66 219 201
26 86 80 66 219 204
26 87 78 66 221 198
26 87 79 66 221 201
26 88 78 66 224 198
26 98 82 66 249 209
26 99 82 66 252 209
26 99 83 66 252 211
26 100 82 66 255 209
26 100 83 66 255 211
27 1 82 68 2 209
27 1 83 68 2 211
27 2 83 68 5 211
27 2 84 68 5 214
27 3 82 68 7 209
27 3 83 68 7 211
27 4 82 68 10 209
27 4 83 68 10 211
27 5 82 68 12 209
27 6 82 68 15 209
27 84 78 68 214 198
27 84 79 68 214 201
27 85 79 68 216 201
27 85 80 68 216 204
27 86 80 68 219 204
27 86 81 68 219 206
27 87 79 68 221 201
27 87 80 68 221 204
27 88 79 68 224 201
27 88 80 68 224 204
27 89 80 68 226 204
27 95 82 68 242 209
27 96 82 68 244 209
27 96 83 68 244 211
27 97 82 68 247 209
27 97 83 68 247 211
27 98 82 68 249 209
27 98 83 68 249 211
27 99 83 68 252 211
27 99 84 68 252 214
27 100 83 68 255 211
27 100 84 68 255 214
28 1 84 71 2 214
28 2 84 71 5 214
28 3 83 71 7 211
28 3 84 71 7 214
28 4 83 71 10 211
28 4 84 71 10 214
28 5 82 71 12 209
28 5 83 71 12 211
28 6 82 71 15 209
28 6 83 71 15 211
28 7 82 71 17 209
28 7 83 71 17 211
28 85 80 71 216 204
28 85 81 71 216 206
28 86 81 71 219 206
28 86 82 71 219 209
28 87 81 71 221 206
28 88 80 71 224 204
28 88 81 71 224 206
28 89 80 71 226 204
28 89 81 71 226 206
28 95 82 71 242 209
28 95 83 71 242 211
28 96 82 71 244 209
28 96 83 71 244 211
28 97 83 71 247 211
28 98 83 71 249 211
28 98 84 71 249 214
28 99 83 71 252 211
28 99 84 71 252 214
28 100 84 71 255 214
29 1 84 73 2 214
29 2 84 73 5 214
29 2 85 73 5 216
29 3 84 73 7 214
29 3 85 73 7 216
29 4 84 73 10 214
29 5 83 73 12 211
29 5 84 73 12 214
29 6 83 73 15 211
29 6 84 73 15 214
29 7 82 73 17 209
29 7 83 73 17 211
29 8 82 73 20 209
29 8 83 73 20 211
29 84 76 73 214 193
29 86 82 73 219 209
29 86 83 73 219 211
29 87 82 73 221 209
29 87 83 73 221 211
29 88 81 73 224 206
29 88 82 73 224 209
29 89 81 73 226 206
29 89 82 73 226 209
29 90 81 73 229 206
29 90 82 73 229 209
29 91 82 73 232 209
29 92 82 73 234 209
29 93 81 73 237 206
29 93 82 73 237 209
29 94 81 73 239 206
29 94 82 73 239 209
29 94 83 73 239 211
29 95 82 73 242 209
29 95 83 73 242 211
29 96 83 73 244 211
29 97 83 73 247 211
29 97 84 73 247 214
29 98 84 73 249 214
29 99 84 73 252 214
29 100 84 73 255 214
30 1 84 76 2 214
30 1 85 76 2 216
30 2 85 76 5 216
30 3 85 76 7 216
30 4 84 76 10 214
30 4 85 76 10 216
30 5 84 76 12 214
30 5 85 76 12 216
30 6 83 76 15 211
30 6 84 76 15 214
30 7 83 76 17 211
30 7 84 76 17 214
30 8 83 76 20 211
30 9 83 76 22 211
30 84 76 76 214 193
30 84 77 76 214 196
30 85 83 76 216 211
30 85 84 76 216 214
30 86 83 76 219 211
30 87 82 76 221 209
30 87 83 76 221 211
30 88 81 76 224 206
30 88 82 76 224 209
30 89 82 76 226 209
30 90 82 76 229 209
30 91 82 76 232 209
30 92 82 76 234 209
30 93 82 76 237 209
30 93 83 76 237 211
30 94 82 76 239 209
30 94 83 76 239 211
30 95 83 76 242 211
30 96 83 76 244 211
30 97 83 76 247 211
30 97 84 76 247 214
30 98 84 76 249 214
30 99 84 76 252 214
30 100 84 76 255 214
31 1 84 79 2 214
31 1 85 79 2 216
31 2 85 79 5 216
31 3 85 79 7 216
31 4 85 79 10 216
31 5 84 79 12 214
31 5 85 79 12 216
31 6 84 79 15 214
31 6 85 79 15 216
31 7 83 79 17 211
31 7 84 79 17 214
31 8 83 79 20 211
31 9 83 79 22 211
31 83 84 79 211 214
31 83 85 79 211 216
31 84 85 79 214 216
31 85 83 79 216 211
31 85 84 79 216 214
31 85 85 79 216 216
31 86 83 79 219 211
31 87 82 79 221 209
31 87 83 79 221 211
31 88 81 79 224 206
31 88 82 79 224 209
31 89 82 79 226 209
31 90 82 79 229 209
31 91 82 79 232 209
31 91 83 79 232 211
31 92 82 79 234 209
31 92 83 79 234 211
31 93 83 79 237 211
31 94 83 79 239 211
31 95 83 79 242 211
31 96 83 79 244 211
31 97 83 79 247 211
31 97 84 79 247 214
31 98 83 79 249 211
31 98 84 79 249 214
31 99 83 79 252 211
31 99 84 79 252 214
31 100 83 79 255 211
31 100 84 79 255 214
32 1 84 81 2 214
32 1 85 81 2 216
32 2 85 81 5 216
32 3 85 81 7 216
32 4 85 81 10 216
32 5 85 81 12 216
32 6 84 81 15 214
32 6 85 81 15 216
32 7 84 81 17 214
32 7 85 81 17 216
32 8 83 81 20 211
32 8 84 81 20 214
32 9 83 81 22 211
32 83 85 81 211 216
32 84 84 81 214 214
32 84 85 81 214 216
32 85 84 81 216 214
32 85 85 81 216 216
32 86 83 81 219 211
32 86 84 81 219 214
32 86 85 81 219 216
32 87 83 81 221 211
32 88 82 81 224 209
32 88 83 81 224 211
32 89 82 81 226 209
32 90 82 81 229 209
32 91 82 81 232 209
32 91 83 81 232 211
32 92 82 81 234 209
32 92 83 81 234 211
32 93 83 81 237 211
32 94 83 81 239 211
32 95 83 81 242 211
32 96 83 81 244 211
32 97 82 81 247 209
32 97 83 81 247 211
32 98 82 81 249 209
32 98 83 81 249 211
32 99 82 81 252 209
32 99 83 81 252 211
32 100 82 81 255 209
32 100 83 81 255 211
33 1 84 84 2 214
33 1 85 84 2 216
33 2 84 84 5 214
33 2 85 84 5 216
33 3 85 84 7 216
33 4 85 84 10 216
33 5 85 84 12 216
33 6 85 84 15 216
33 7 84 84 17 214
33 7 85 84 17 216
33 8 83 84 20 211
33 8 84 84 20 214
33 9 83 84 22 211
33 83 84 84 211 214
33 83 85 84 211 216
33 84 77 84 214 196
33 84 78 84 214 198
33 84 79 84 214 201
33 84 83 84 214 211
33 84 84 84 214 214
33 85 79 84 216 201
33 85 84 84 216 214
33 85 85 84 216 216
33 86 84 84 219 214
33 86 85 84 219 216
33 87 83 84 221 211
33 87 84 84 221 214
33 88 83 84 224 211
33 88 84 84 224 214
33 89 82 84 226 209
33 89 83 84 226 211
33 90 82 84 229 209
33 91 82 84 232 209
33 91 83 84 232 211
33 92 83 84 234 211
33 93 83 84 237 211
33 94 83 84 239 211
33 95 82 84 242 209
33 95 83 84 242 211
33 96 82 84 244 209
33 96 83 84 244 211
33 97 81 84 247 206
33 97 82 84 247 209
33 97 83 84 247 211
33 98 80 84 249 204
33 98 81 84 249 206
33 98 82 84 249 209
33 99 80 84 252 204
33 99 81 84 252 206
33 99 82 84 252 209
33 100 80 84 255 204
33 100 81 84 255 206
33 100 82 84 255 209
33 100 83 84 255 211
34 1 83 86 2 211
34 1 84 86 2 214
34 2 84 86 5 214
34 2 85 86 5 216
34 3 85 86 7 216
34 4 85 86 10 216
34 4 86 86 10 219
34 5 85 86 12 216
34 5 86 86 12 219
34 6 85 86 15 216
34 7 84 86 17 214
34 7 85 86 17 216
34 8 83 86 20 211
34 8 84 86 20 214
34 9 83 86 22 211
34 84 77 86 214 196
34 84 78 86 214 198
34 84 79 86 214 201
34 85 79 86 216 201
34 85 84 86 216 214
34 86 80 86 219 204
34 86 81 86 219 206
34 86 83 86 219 211
34 86 84 86 219 214
34 86 85 86 219 216
34 87 81 86 221 206
34 87 83 86 221 211
34 87 84 86 221 214
34 88 82 86 224 209
34 88 83 86 224 211
34 88 84 86 224 214
34 89 82 86 226 209
34 90 82 86 229 209
34 91 82 86 232 209
34 91 83 86 232 211
34 92 82 86 234 209
34 92 83 86 234 211
34 93 82 86 237 209
34 93 83 86 237 211
34 94 82 86 239 209
34 94 83 86 239 211
34 95 81 86 242 206
34 95 82 86 242 209
34 96 80 86 244 204
34 96 81 86 244 206
34 96 82 86 244 209
34 97 79 86 247 201
34 97 80 86 247 204
34 97 81 86 247 206
34 97 82 86 247 209
34 98 80 86 249 204
34 98 81 86 249 206
34 99 80 86 252 204
35 1 83 89 2 211
35 1 84 89 2 214
35 2 84 89 5 214
35 2 85 89 5 216
35 3 85 89 7 216
35 4 85 89 10 216
35 4 86 89 10 219
35 5 85 89 12 216
35 5 86 89 12 219
35 6 85 89 15 216
35 7 84 89 17 214
35 7 85 89 17 216
35 8 83 89 20 211
35 8 84 89 20 214
35 9 83 89 22 211
35 84 77 89 214 196
35 84 78 89 214 198
35 84 84 89 214 214
35 85 77 89 216 196
35 85 78 89 216 198
35 85 79 89 216 201
35 85 80 89 216 204
35 85 84 89 216 214
35 86 79 89 219 201
35 86 80 89 219 204
35 86 81 89 219 206
35 86 84 89 219 214
35 87 80 89 221 204
35 87 81 89 221 206
35 87 83 89 221 211
35 88 81 89 224 206
35 88 82 89 224 209
35 88 83 89 224 211
35 89 81 89 226 206
35 89 82 89 226 209
35 90 82 89 229 209
35 91 82 89 232 209
35 92 82 89 234 209
35 93 81 89 237 206
35 93 82 89 237 209
35 94 80 89 239 204
35 94 81 89 239 206
35 94 82 89 239 209
35 95 79 89 242 201
35 95 80 89 242 204
35 95 81 89 242 206
35 95 82 89 242 209
35 96 79 89 244 201
35 96 80 89 244 204
35 96 81 89 244 206
35 97 79 89 247 201
36 1 84 91 2 214
36 1 85 91 2 216
36 2 85 91 5 216
36 3 85 91 7 216
36 4 85 91 10 216
36 4 86 91 10 219
36 5 85 91 12 216
36 5 86 91 12 219
36 6 85 91 15 216
36 7 84 91 17 214
36 7 85 91 17 216
36 8 83 91 20 211
36 8 84 91 20 214
36 9 83 91 22 211
36 84 76 91 214 193
36 84 77 91 214 196
36 85 76 91 216 193
36 85 77 91 216 196
36 85 78 91 216 198
36 85 79 91 216 201
36 86 77 91 219 196
36 86 78 91 219 198
36 86 79 91 219 201
36 86 80 91 219 204
36 87 79 91 221 201
36 87 80 91 221 204
36 87 82 91 221 209
36 87 83 91 221 211
36 88 80 91 224 204
36 88 81 91 224 206
36 88 83 91 224 211
36 89 80 91 226 204
36 89 81 91 226 206
36 90 81 91 229 206
36 90 82 91 229 209
36 91 81 91 232 206
36 91 82 91 232 209
36 92 80 91 234 204
36 92 81 91 234 206
36 92 82 91 234 209
36 93 79 91 237 201
36 93 80 91 237 204
36 93 81 91 237 206
36 93 82 91 237 209
36 94 79 91 239 201
36 94 80 91 239 204
36 94 81 91 239 206
36 95 79 91 242 201
36 95 80 91 242 204
36 100 83 91 255 211
37 1 84 94 2 214
37 1 85 94 2 216
37 2 85 94 5 216
37 3 85 94 7 216
37 4 85 94 10 216
37 4 86 94 10 219
37 5 85 94 12 216
37 5 86 94 12 219
37 6 85 94 15 216
37 7 84 94 17 214
37 7 85 94 17 216
37 8 83 94 20 211
37 8 84 94 20 214
37 9 83 94 22 211
37 86 72 94 219 183
37 86 77 94 219 196
37 86 78 94 219 198
37 86 79 94 219 201
37 87 72 94 221 183
37 87 77 94 221 196
37 87 78 94 221 198
37 87 79 94 221 201
37 87 80 94 221 204
37 88 72 94 224 183
37 88 77 94 224 196
37 88 78 94 224 198
37 88 79 94 224 201
37 88 80 94 224 204
37 89 78 94 226 198
37 89 79 94 226 201
37 89 80 94 226 204
37 89 81 94 226 206
37 90 78 94 229 198
37 90 79 94 229 201
37 90 80 94 229 204
37 90 81 94 229 206
37 91 78 94 232 198
37 91 79 94 232 201
37 91 80 94 232 204
37 91 81 94 232 206
37 92 78 94 234 198
37 92 79 94 234 201
37 92 80 94 234 204
37 93 79 94 237 201
37 93 80 94 237 204
37 94 79 94 239 201
37 98 82 94 249 209
37 99 83 94 252 211
37 100 83 94 255 211
37 100 84 94 255 214
38 1 84 96 2 214
38 1 85 96 2 216
38 2 85 96 5 216
38 3 85 96 7 216
38 4 85 96 10 216
38 5 85 96 12 216
38 6 84 96 15 214
38 6 85 96 15 216
38 7 83 96 17 211
38 7 84 96 17 214
38 8 83 96 20 211
38 9 83 96 22 211
38 85 72 96 216 183
38 86 72 96 219 183
38 87 72 96 221 183
38 88 72 96 224 183
38 88 78 96 224 198
38 89 78 96 226 198
38 90 78 96 229 198
38 97 82 96 247 209
38 98 82 96 249 209
38 98 83 96 249 211
38 99 82 96 252 209
38 99 83 96 252 211
38 99 84 96 252 214
38 100 84 96 255 214
39 1 85 99 2 216
39 2 85 99 5 216
39 3 85 99 7 216
39 4 85 99 10 216
39 5 84 99 12 214
39 5 85 99 12 216
39 6 84 99 15 214
39 6 85 99 15 216
39 7 83 99 17 211
39 7 84 99 17 214
39 8 83 99 20 211
39 9 83 99 22 211
39 85 72 99 216 183
39 86 72 99 219 183
39 87 72 99 221 183
39 94 81 99 239 206
39 95 81 99 242 206
39 96 83 99 244 211
39 97 83 99 247 211
39 98 83 99 249 211
39 98 84 99 249 214
39 99 84 99 252 214
39 100 84 99 255 214
39 100 85 99 255 216
40 1 85 102 2 216
40 2 85 102 5 216
40 3 85 102 7 216
40 4 84 102 10 214
40 4 85 102 10 216
40 5 84 102 12 214
40 5 85 102 12 216
40 6 83 102 15 211
40 6 84 102 15 214
40 7 83 102 17 211
40 8 83 102 20 211
40 92 81 102 234 206
40 93 81 102 237 206
40 93 82 102 237 209
40 94 81 102 239 206
40 94 82 102 239 209
40 94 83 102 239 211
40 95 82 102 242 209
40 95 83 102 242 211
40 96 83 102 244 211
40 97 83 102 247 211
40 97 84 102 247 214
40 98 84 102 249 214
40 99 84 102 252 214
40 100 84 102 255 214
41 1 84 104 2 214
41 1 85 104 2 216
41 2 85 104 5 216
41 3 84 104 7 214
41 3 85 104 7 216
41 4 84 104 10 214
41 4 85 104 10 216
41 5 83 104 12 211
41 5 84 104 12 214
41 6 83 104 15 211
41 6 84 104 15 214
41 7 83 104 17 211
41 8 83 104 20 211
41 90 80 104 229 204
41 91 80 104 232 204
41 91 81 104 232 206
41 92 81 104 234 206
41 92 82 104 234 209
41 93 81 104 237 206
41 93 82 104 237 209
41 94 82 104 239 209
41 94 83 104 239 211
41 95 83 104 242 211
41 96 83 104 244 211
41 97 83 104 247 211
41 97 84 104 247 214
41 98 84 104 249 214
41 99 84 104 252 214
41 100 84 104 255 214
42 1 84 107 2 214
42 1 85 107 2 216
42 2 84 107 5 214
42 2 85 107 5 216
42 3 83 107 7 211
42 3 84 107 7 214
42 4 83 107 10 211
42 4 84 107 10 214
42 5 83 107 12 211
42 5 84 107 12 214
42 6 82 107 15 209
42 6 83 107 15 211
42 7 82 107 17 209
42 7 83 107 17 211
42 8 83 107 20 211
42 88 79 107 224 201
42 89 80 107 226 204
42 90 80 107 229 204
42 90 81 107 229 206
42 91 81 107 232 206
42 91 82 107 232 209
42 92 81 107 234 206
42 92 82 107 234 209
42 93 82 107 237 209
42 93 83 107 237 211
42 94 82 107 239 209
42 94 83 107 239 211
42 95 83 107 242 211
42 96 83 107 244 211
42 97 83 107 247 211
42 97 84 107 247 214
42 98 84 107 249 214
42 99 84 107 252 214
42 100 84 107 255 214
43 1 83 109 2 211
43 1 84 109 2 214
43 2 83 109 5 211
43 2 84 109 5 214
43 3 83 109 7 211
43 3 84 109 7 214
43 4 82 109 10 209
43 4 83 109 10 211
43 5 82 109 12 209
43 5 83 109 12 211
43 6 82 109 15 209
43 6 83 109 15 211
43 7 82 109 17 209
43 7 83 109 17 211
43 15 87 109 38 221
43 16 87 109 40 221
43 81 94 109 206 239
43 87 79 109 221 201
43 88 79 109 224 201
43 88 80 109 224 204
43 89 80 109 226 204
43 89 81 109 226 206
43 90 81 109 229 206
43 91 81 109 232 206
43 91 82 109 232 209
43 92 82 109 234 209
43 93 82 109 237 209
43 93 83 109 237 211
43 94 83 109 239 211
43 95 83 109 242 211
43 96 83 109 244 211
43 97 83 109 247 211
43 97 84 109 247 214
43 98 83 109 249 211
43 98 84 109 249 214
43 99 83 109 252 211
43 99 84 109 252 214
43 100 83 109 255 211
43 100 84 109 255 214
44 1 82 112 2 209
44 1 83 112 2 211
44 1 84 112 2 214
44 2 82 112 5 209
44 2 83 112 5 211
44 3 82 112 7 209
44 3 83 112 7 211
44 4 82 112 10 209
44 5 82 112 12 209
44 12 81 112 30 206
44 13 81 112 33 206
44 14 87 112 35 221
44 15 87 112 38 221
44 16 87 112 40 221
44 81 94 112 206 239
44 87 80 112 221 204
44 88 80 112 224 204
44 88 81 112 224 206
44 89 80 112 226 204
44 89 81 112 226 206
44 90 81 112 229 206
44 90 82 112 229 209
44 91 82 112 232 209
44 92 82 112 234 209
44 93 82 112 237 209
44 93 83 112 237 211
44 94 82 112 239 209
44 94 83 112 239 211
44 95 83 112 242 211
44 96 83 112 244 211
44 97 83 112 247 211
44 98 83 112 249 211
44 99 82 112 252 209
44 99 83 112 252 211
44 100 82 112 255 209
44 100 83 112 255 211
45 1 81 114 2 206
45 1 82 114 2 209
45 2 81 114 5 206
45 2 82 114 5 209
45 3 81 114 7 206
45 3 82 114 7 209
45 4 81 114 10 206
45 4 82 114 10 209
45 12 81 114 30 206
45 13 81 114 33 206
45 14 86 114 35 219
45 14 87 114 35 221
45 15 86 114 38 219
45 15 87 114 38 221
45 16 86 114 40 219
45 16 87 114 40 221
45 86 82 114 219 209
45 87 82 114 221 209
45 88 82 114 224 209
45 89 81 114 226 206
45 89 82 114 226 209
45 90 81 114 229 206
45 90 82 114 229 209
45 91 82 114 232 209
45 92 82 114 234 209
45 93 82 114 237 209
45 94 82 114 239 209
45 94 83 114 239 211
45 95 82 114 242 209
45 95 83 114 242 211
45 96 82 114 244 209
45 96 83 114 244 211
45 97 82 114 247 209
45 97 83 114 247 211
45 98 81 114 249 206
45 98 82 114 249 209
45 98 83 114 249 211
45 99 81 114 252 206
45 99 82 114 252 209
45 100 80 114 255 204
45 100 81 114 255 206
45 100 82 114 255 209
46 1 81 117 2 206
46 2 81 117 5 206
46 3 81 117 7 206
46 12 81 117 30 206
46 13 81 117 33 206
46 14 86 117 35 219
46 15 86 117 38 219
46 86 82 117 219 209
46 87 82 117 221 209
46 88 82 117 224 209
46 89 82 117 226 209
46 89 83 117 226 211
46 90 82 117 229 209
46 90 83 117 229 211
46 91 83 117 232 211
46 92 82 117 234 209
46 92 83 117 234 211
46 93 82 117 237 209
46 94 81 117 239 206
46 94 82 117 239 209
46 95 81 117 242 206
46 95 82 117 242 209
46 96 81 117 244 206
46 96 82 117 244 209
46 97 80 117 247 204
46 97 81 117 247 206
46 97 82 117 247 209
46 98 80 117 249 204
46 98 81 117 249 206
46 99 80 117 252 204
46 99 81 117 252 206
46 100 80 117 255 204
46 100 81 117 255 206
47 1 80 119 2 204
47 1 81 119 2 206
47 2 82 119 5 209
47 3 82 119 7 209
47 3 83 119 7 211
47 4 83 119 10 211
47 5 83 119 12 211
47 7 84 119 17 214
47 8 89 119 20 226
47 9 89 119 22 226
47 12 81 119 30 206
47 13 80 119 33 204
47 13 81 119 33 206
47 13 85 119 33 216
47 14 86 119 35 219
47 15 86 119 38 219
47 83 82 119 211 209
47 83 83 119 211 211
47 84 83 119 214 211
47 85 83 119 216 211
47 86 83 119 219 211
47 87 82 119 221 209
47 87 83 119 221 211
47 88 81 119 224 206
47 88 82 119 224 209
47 89 81 119 226 206
47 89 82 119 226 209
47 89 83 119 226 211
47 90 82 119 229 209
47 90 83 119 229 211
47 91 81 119 232 206
47 91 82 119 232 209
47 91 83 119 232 211
47 92 81 119 234 206
47 92 82 119 234 209
47 93 81 119 237 206
47 93 82 119 237 209
47 94 80 119 239 204
47 94 81 119 239 206
47 94 82 119 239 209
47 95 80 119 242 204
47 95 81 119 242 206
47 96 79 119 244 201
47 96 80 119 244 204
47 96 81 119 244 206
47 97 79 119 247 201
47 97 80 119 247 204
47 98 79 119 249 201
47 98 80 119 249 204
47 99 79 119 252 201
47 99 80 119 252 204
47 100 79 119 255 201
47 100 80 119 255 204
48 1 81 122 2 206
48 1 82 122 2 209
48 2 82 122 5 209
48 3 82 122 7 209
48 3 83 122 7 211
48 4 83 122 10 211
48 4 84 122 10 214
48 5 83 122 12 211
48 5 87 122 12 221
48 5 88 122 12 224
48 6 87 122 15 221
48 7 88 122 17 224
48 8 88 122 20 224
48 8 89 122 20 226
48 9 88 122 22 224
48 9 89 122 22 226
48 10 89 122 25 226
48 11 89 122 28 226
48 12 81 122 30 206
48 13 80 122 33 204
48 13 85 122 33 216
48 13 86 122 33 219
48 14 85 122 35 216
48 14 86 122 35 219
48 15 85 122 38 216
48 15 86 122 38 219
48 83 82 122 211 209
48 83 83 122 211 211
48 84 83 122 214 211
48 85 82 122 216 209
48 85 83 122 216 211
48 86 82 122 219 209
48 86 83 122 219 211
48 87 82 122 221 209
48 87 83 122 221 211
48 88 81 122 224 206
48 88 82 122 224 209
48 89 81 122 226 206
48 90 81 122 229 206
48 91 81 122 232 206
48 92 81 122 234 206
48 93 80 122 237 204
48 93 81 122 237 206
48 94 79 122 239 201
48 94 80 122 239 204
48 94 81 122 239 206
48 95 78 122 242 198
48 95 79 122 242 201
48 95 80 122 242 204
48 96 78 122 244 198
48 96 79 122 244 201
48 97 78 122 247 198
48 97 79 122 247 201
48 98 79 122 249 201
48 100 80 122 255 204
48 100 81 122 255 206
49 1 81 124 2 206
49 1 82 124 2 209
49 1 83 124 2 211
49 2 82 124 5 209
49 2 83 124 5 211
49 3 83 124 7 211
49 3 84 124 7 214
49 4 83 124 10 211
49 4 84 124 10 214
49 5 84 124 12 214
49 5 87 124 12 221
49 6 86 124 15 219
49 6 87 124 15 221
49 7 87 124 17 221
49 7 88 124 17 224
49 8 87 124 20 221
49 8 88 124 20 224
49 9 88 124 22 224
49 10 88 124 25 224
49 10 89 124 25 226
49 11 88 124 28 224
49 11 89 124 28 226
49 13 85 124 33 216
49 14 85 124 35 216
49 15 85 124 38 216
49 83 83 124 211 211
49 84 83 124 214 211
49 85 82 124 216 209
49 85 83 124 216 211
49 86 82 124 219 209
49 87 81 124 221 206
49 87 82 124 221 209
49 87 83 124 221 211
49 88 81 124 224 206
49 89 81 124 226 206
49 90 81 124 229 206
49 91 80 124 232 204
49 91 81 124 232 206
49 92 80 124 234 204
49 92 81 124 234 206
49 93 78 124 237 198
49 93 79 124 237 201
49 93 80 124 237 204
49 94 78 124 239 198
49 94 79 124 239 201
49 95 77 124 242 196
49 95 78 124 242 198
49 95 79 124 242 201
49 96 78 124 244 198
49 99 80 124 252 204
49 100 80 124 255 204
49 100 81 124 255 206
49 100 82 124 255 209
50 1 82 127 2 209
50 1 83 127 2 211
50 2 83 127 5 211
50 2 84 127 5 214
50 3 84 127 7 214
50 4 84 127 10 214
50 4 86 127 10 219
50 5 86 127 12 219
50 5 87 127 12 221
50 6 87 127 15 221
50 7 87 127 17 221
50 7 88 127 17 224
50 8 87 127 20 221
50 8 88 127 20 224
50 9 88 127 22 224
50 10 88 127 25 224
50 11 88 127 28 224
50 12 84 127 30 214
50 13 84 127 33 214
50 13 85 127 33 216
50 14 85 127 35 216
50 15 84 127 38 214
50 15 85 127 38 216
50 16 85 127 40 216
50 17 85 127 43 216
50 83 82 127 211 209
50 83 83 127 211 211
50 84 82 127 214 209
50 84 83 127 214 211
50 85 82 127 216 209
50 85 83 127 216 211
50 86 82 127 219 209
50 87 81 127 221 206
50 87 82 127 221 209
50 88 80 127 224 204
50 88 81 127 224 206
50 89 81 127 226 206
50 90 81 127 229 206
50 91 80 127 232 204
50 91 81 127 232 206
50 92 79 127 234 201
50 92 80 127 234 204
50 93 78 127 237 198
50 93 79 127 237 201
50 94 77 127 239 196
50 94 78 127 239 198
50 95 77 127 242 196
50 95 78 127 242 198
50 97 79 127 247 201
50 98 79 127 249 201
50 98 80 127 249 204
50 99 80 127 252 204
50 99 81 127 252 206
50 99 82 127 252 209
50 100 81 127 255 206
50 100 82 127 255 209
51 1 83 130 2 211
51 2 83 130 5 211
51 2 84 130 5 214
51 3 84 130 7 214
51 4 84 130 10 214
51 4 85 130 10 216
51 4 86 130 10 219
51 5 86 130 12 219
51 5 87 130 12 221
51 6 86 130 15 219
51 6 87 130 15 221
51 7 87 130 17 221
51 8 87 130 20 221
51 9 87 130 22 221
51 9 88 130 22 224
51 10 87 130 25 221
51 10 88 130 25 224
51 11 87 130 28 221
51 11 88 130 28 224
51 13 85 130 33 216
51 14 85 130 35 216
51 15 84 130 38 214
51 15 85 130 38 216
51 16 85 130 40 216
51 17 85 130 43 216
51 81 93 130 206 237
51 83 82 130 211 209
51 84 82 130 214 209
51 85 82 130 216 209
51 86 82 130 219 209
51 87 81 130 221 206
51 87 82 130 221 209
51 88 80 130 224 204
51 88 81 130 224 206
51 88 82 130 224 209
51 89 80 130 226 204
51 89 81 130 226 206
51 90 80 130 229 204
51 90 81 130 229 206
51 91 80 130 232 204
51 92 79 130 234 201
51 92 80 130 234 204
51 93 78 130 237 198
51 94 77 130 239 196
51 94 78 130 239 198
51 95 77 130 242 196
51 95 78 130 242 198
51 96 78 130 244 198
51 96 79 130 244 201
51 97 79 130 247 201
51 97 80 130 247 204
51 98 79 130 249 201
51 98 80 130 249 204
51 98 81 130 249 206
51 99 81 130 252 206
51 99 82 130 252 209
51 100 82 130 255 209
52 1 83 132 2 211
52 2 83 132 5 211
52 2 84 132 5 214
52 3 84 132 7 214
52 3 85 132 7 216
52 4 85 132 10 216
52 4 86 132 10 219
52 5 85 132 12 216
52 5 86 132 12 219
52 6 86 132 15 219
52 6 87 132 15 221
52 7 86 132 17 219
52 7 87 132 17 221
52 8 86 132 20 219
52 8 87 132 20 221
52 9 87 132 22 221
52 9 88 132 22 224
52 10 87 132 25 221
52 10 88 132 25 224
52 11 87 132 28 221
52 11 88 132 28 224
52 12 87 132 30 221
52 13 84 132 33 214
52 13 85 132 33 216
52 13 88 132 33 224
52 14 84 132 35 214
52 14 85 132 35 216
52 14 88 132 35 224
52 15 84 132 38 214
52 15 85 132 38 216
52 16 84 132 40 214
52 16 85 132 40 216
52 17 85 132 43 216
52 79 94 132 201 239
52 81 94 132 206 239
52 83 82 132 211 209
52 84 82 132 214 209
52 85 82 132 216 209
52 86 82 132 219 209
52 87 82 132 221 209
52 88 82 132 224 209
52 89 81 132 226 206
52 89 82 132 226 209
52 90 80 132 229 204
52 90 81 132 229 206
52 91 80 132 232 204
52 92 79 132 234 201
52 92 80 132 234 204
52 93 78 132 237 198
52 93 79 132 237 201
52 94 78 132 239 198
52 95 78 132 242 198
52 96 78 132 244 198
52 96 79 132 244 201
52 96 80 132 244 204
52 97 80 132 247 204
52 97 81 132 247 206
52 98 80 132 249 204
52 98 81 132 249 206
52 98 82 132 249 209
52 99 81 132 252 206
52 99 82 132 252 209
52 100 82 132 255 209
53 1 83 135 2 211
53 2 83 135 5 211
53 3 83 135 7 211
53 3 84 135 7 214
53 3 85 135 7 216
53 4 83 135 10 211
53 4 84 135 10 214
53 4 85 135 10 216
53 5 85 135 12 216
53 5 86 135 12 219
53 6 85 135 15 216
53 6 86 135 15 219
53 7 85 135 17 216
53 7 86 135 17 219
53 8 86 135 20 219
53 8 87 135 20 221
53 9 86 135 22 219
53 9 87 135 22 221
53 10 87 135 25 221
53 11 86 135 28 219
53 11 87 135 28 221
53 12 87 135 30 221
53 12 88 135 30 224
53 13 84 135 33 214
53 13 87 135 33 221
53 13 88 135 33 224
53 14 83 135 35 211
53 14 84 135 35 214
53 15 84 135 38 214
53 16 84 135 40 214
53 83 81 135 211 206
53 83 82 135 211 209
53 84 81 135 214 206
53 84 82 135 214 209
53 85 82 135 216 209
53 86 82 135 219 209
53 87 82 135 221 209
53 88 82 135 224 209
53 89 82 135 226 209
53 90 80 135 229 204
53 90 81 135 229 206
53 90 82 135 229 209
53 91 80 135 232 204
53 91 82 135 232 209
53 92 79 135 234 201
53 92 80 135 234 204
53 93 78 135 237 198
53 93 79 135 237 201
53 94 78 135 239 198
53 94 79 135 239 201
53 95 79 135 242 201
53 95 80 135 242 204
53 96 79 135 244 201
53 96 80 135 244 204
53 97 80 135 247 204
53 97 81 135 247 206
53 98 81 135 249 206
53 98 82 135 249 209
53 99 82 135 252 209
53 100 82 135 255 209
54 1 82 137 2 209
54 1 83 137 2 211
54 2 83 137 5 211
54 3 82 137 7 209
54 3 83 137 7 211
54 3 84 137 7 214
54 4 82 137 10 209
54 4 83 137 10 211
54 4 84 137 10 214
54 4 85 137 10 216
54 5 84 137 12 214
54 5 85 137 12 216
54 6 84 137 15 214
54 6 85 137 15 216
54 7 85 137 17 216
54 7 86 137 17 219
54 8 85 137 20 216
54 8 86 137 20 219
54 9 86 137 22 219
54 9 87 137 22 221
54 10 86 137 25 219
54 10 87 137 25 221
54 11 86 137 28 219
54 12 84 137 30 214
54 12 86 137 30 219
54 12 87 137 30 221
54 12 88 137 30 224
54 13 83 137 33 211
54 13 84 137 33 214
54 13 88 137 33 224
54 14 83 137 35 211
54 14 84 137 35 214
54 64 92 137 163 234
54 73 94 137 186 239
54 83 81 137 211 206
54 84 77 137 214 196
54 84 81 137 214 206
54 84 82 137 214 209
54 85 82 137 216 209
54 86 81 137 219 206
54 86 82 137 219 209
54 87 81 137 221 206
54 87 82 137 221 209
54 88 82 137 224 209
54 89 82 137 226 209
54 89 83 137 226 211
54 90 82 137 229 209
54 91 81 137 232 206
54 91 82 137 232 209
54 92 79 137 234 201
54 92 80 137 234 204
54 93 79 137 237 201
54 93 80 137 237 204
54 94 79 137 239 201
54 94 80 137 239 204
54 95 79 137 242 201
54 95 80 137 242 204
54 96 80 137 244 204
54 96 81 137 244 206
54 97 81 137 247 206
54 98 81 137 249 206
54 98 82 137 249 209
54 99 81 137 252 206
54 99 82 137 252 209
54 100 82 137 255 209
55 1 82 140 2 209
55 2 82 140 5 209
55 3 81 140 7 206
55 3 82 140 7 209
55 3 84 140 7 214
55 4 82 140 10 209
55 4 83 140 10 211
55 4 84 140 10 214
55 5 84 140 12 214
55 6 84 140 15 214
55 7 84 140 17 214
55 7 85 140 17 216
55 8 85 140 20 216
55 8 86 140 20 219
55 9 85 140 22 216
55 9 86 140 22 219
55 10 85 140 25 216
55 10 86 140 25 219
55 11 85 140 28 216
55 11 86 140 28 219
55 11 87 140 28 221
55 12 84 140 30 214
55 12 85 140 30 216
55 12 86 140 30 219
55 12 87 140 30 221
55 13 83 140 33 211
55 13 84 140 33 214
55 14 83 140 35 211
55 73 94 140 186 239
55 77 94 140 196 239
55 79 94 140 201 239
55 84 77 140 214 196
55 84 81 140 214 206
55 84 82 140 214 209
55 85 81 140 216 206
55 85 82 140 216 209
55 86 81 140 219 206
55 86 82 140 219 209
55 87 81 140 221 206
55 87 82 140 221 209
55 88 82 140 224 209
55 89 82 140 226 209
55 89 83 140 226 211
55 90 82 140 229 209
55 90 83 140 229 211
55 91 81 140 232 206
55 91 82 140 232 209
55 92 80 140 234 204
55 92 81 140 234 206
55 92 82 140 234 209
55 93 80 140 237 204
55 94 80 140 239 204
55 95 80 140 242 204
55 96 80 140 244 204
55 96 81 140 244 206
55 97 81 140 247 206
55 98 81 140 249 206
55 99 81 140 252 206
55 99 82 140 252 209
55 100 81 140 255 206
55 100 82 140 255 209
56 1 81 142 2 206
56 1 82 142 2 209
56 2 80 142 5 204
56 2 81 142 5 206
56 2 82 142 5 209
56 3 80 142 7 204
56 3 81 142 7 206
56 3 83 142 7 211
56 4 83 142 10 211
56 4 84 142 10 214
56 5 83 142 12 211
56 5 84 142 12 214
56 6 83 142 15 211
56 6 84 142 15 214
56 7 81 142 17 206
56 7 82 142 17 209
56 7 83 142 17 211
56 7 84 142 17 214
56 7 85 142 17 216
56 8 84 142 20 214
56 8 85 142 20 216
56 9 85 142 22 216
56 10 85 142 25 216
56 11 85 142 28 216
56 11 86 142 28 219
56 12 84 142 30 214
56 12 85 142 30 216
56 13 83 142 33 211
56 13 84 142 33 214
56 14 82 142 35 209
56 14 83 142 35 211
56 71 94 142 181 239
56 79 94 142 201 239
56 84 76 142 214 193
56 84 77 142 214 196
56 84 81 142 214 206
56 85 81 142 216 206
56 85 82 142 216 209
56 86 81 142 219 206
56 86 82 142 219 209
56 87 81 142 221 206
56 87 82 142 221 209
56 88 81 142 224 206
56 88 82 142 224 209
56 89 82 142 226 209
56 89 83 142 226 211
56 90 82 142 229 209
56 90 83 142 229 211
56 91 82 142 232 209
56 92 81 142 234 206
56 92 82 142 234 209
56 93 80 142 237 204
56 93 81 142 237 206
56 94 80 142 239 204
56 95 80 142 242 204
56 96 80 142 244 204
56 96 81 142 244 206
56 97 81 142 247 206
56 98 81 142 249 206
56 99 81 142 252 206
56 100 81 142 255 206
57 1 79 145 2 201
57 1 80 145 2 204
57 1 81 145 2 206
57 2 79 145 5 201
57 2 80 145 5 204
57 2 81 145 5 206
57 3 82 145 7 209
57 3 83 145 7 211
57 4 83 145 10 211
57 5 83 145 12 211
57 6 83 145 15 211
57 6 84 145 15 214
57 7 80 145 17 204
57 7 81 145 17 206
57 7 82 145 17 209
57 7 83 145 17 211
57 7 84 145 17 214
57 8 84 145 20 214
57 8 85 145 20 216
57 9 84 145 22 214
57 9 85 145 22 216
57 10 84 145 25 214
57 10 85 145 25 216
57 11 84 145 28 214
57 11 85 145 28 216
57 12 84 145 30 214
57 12 85 145 30 216
57 13 83 145 33 211
57 13 84 145 33 214
57 14 82 145 35 209
57 14 83 145 35 211
57 64 92 145 163 234
57 73 94 145 186 239
57 78 94 145 198 239
57 79 94 145 201 239
57 82 93 145 209 237
57 85 81 145 216 206
57 86 81 145 219 206
57 86 82 145 219 209
57 87 79 145 221 201
57 87 80 145 221 204
57 87 81 145 221 206
57 88 79 145 224 201
57 88 80 145 224 204
57 88 81 145 224 206
57 88 82 145 224 209
57 89 81 145 226 206
57 89 82 145 226 209
57 90 82 145 229 209
57 91 82 145 232 209
57 92 82 145 234 209
57 93 81 145 237 206
57 93 82 145 237 209
57 94 80 145 239 204
57 94 81 145 239 206
57 95 80 145 242 204
57 96 80 145 244 204
57 97 80 145 247 204
57 97 81 145 247 206
57 98 80 145 249 204
57 98 81 145 249 206
57 99 80 145 252 204
57 99 81 145 252 206
57 100 80 145 255 204
57 100 81 145 255 206
58 1 78 147 2 198
58 1 79 147 2 201
58 1 80 147 2 204
58 2 78 147 5 198
58 3 82 147 7 209
58 3 83 147 7 211
58 4 82 147 10 209
58 4 83 147 10 211
58 5 82 147 12 209
58 5 83 147 12 211
58 6 82 147 15 209
58 6 83 147 15 211
58 7 79 147 17 201
58 7 80 147 17 204
58 7 82 147 17 209
58 7 83 147 17 211
58 8 79 147 20 201
58 8 83 147 20 211
58 8 84 147 20 214
58 9 84 147 22 214
58 10 83 147 25 211
58 10 84 147 25 214
58 11 84 147 28 214
58 12 83 147 30 211
58 12 84 147 30 214
58 13 82 147 33 209
58 13 83 147 33 211
58 14 81 147 35 206
58 14 82 147 35 209
58 64 92 147 163 234
58 79 94 147 201 239
58 85 81 147 216 206
58 85 82 147 216 209
58 86 81 147 219 206
58 86 82 147 219 209
58 87 78 147 221 198
58 87 79 147 221 201
58 87 80 147 221 204
58 87 81 147 221 206
58 88 78 147 224 198
58 88 79 147 224 201
58 88 80 147 224 204
58 88 81 147 224 206
58 89 79 147 226 201
58 89 80 147 226 204
58 89 81 147 226 206
58 89 82 147 226 209
58 90 81 147 229 206
58 90 82 147 229 209
58 91 81 147 232 206
58 91 82 147 232 209
58 92 81 147 234 206
58 92 82 147 234 209
58 93 80 147 237 204
58 93 81 147 237 206
58 94 80 147 239 204
58 94 81 147 239 206
58 95 80 147 242 204
58 96 80 147 244 204
58 97 80 147 247 204
58 98 80 147 249 204
58 98 81 147 249 206
58 99 80 147 252 204
58 100 79 147 255 201
58 100 80 147 255 204
59 1 78 150 2 198
59 3 81 150 7 206
59 3 82 150 7 209
59 4 81 150 10 206
59 4 82 150 10 209
59 5 82 150 12 209
59 6 79 150 15 201
59 6 80 150 15 204
59 6 81 150 15 206
59 6 82 150 15 209
59 7 78 150 17 198
59 7 79 150 17 201
59 7 80 150 17 204
59 7 82 150 17 209
59 7 83 150 17 211
59 8 78 150 20 198
59 8 79 150 20 201
59 8 83 150 20 211
59 8 84 150 20 214
59 9 82 150 22 209
59 9 83 150 22 211
59 9 84 150 22 214
59 10 82 150 25 209
59 10 83 150 25 211
59 10 84 150 25 214
59 11 83 150 28 211
59 11 84 150 28 214
59 12 83 150 30 211
59 12 84 150 30 214
59 13 81 150 33 206
59 13 82 150 33 209
59 13 83 150 33 211
59 14 81 150 35 206
59 79 94 150 201 239
59 84 82 150 214 209
59 85 82 150 216 209
59 86 81 150 219 206
59 86 82 150 219 209
59 87 78 150 221 198
59 87 79 150 221 201
59 87 80 150 221 204
59 87 81 150 221 206
59 88 78 150 224 198
59 88 79 150 224 201
59 89 78 150 226 198
59 89 79 150 226 201
59 89 80 150 226 204
59 89 81 150 226 206
59 90 79 150 229 201
59 90 80 150 229 204
59 90 81 150 229 206
59 91 79 150 232 201
59 91 80 150 232 204
59 91 81 150 232 206
59 92 80 150 234 204
59 92 81 150 234 206
59 93 80 150 237 204
59 93 81 150 237 206
59 94 80 150 239 204
59 95 80 150 242 204
59 96 80 150 244 204
59 97 79 150 247 201
59 97 80 150 247 204
59 98 79 150 249 201
59 98 80 150 249 204
59 99 78 150 252 198
59 99 79 150 252 201
59 99 80 150 252 204
59 100 77 150 255 196
59 100 78 150 255 198
59 100 79 150 255 201
60 3 81 153 7 206
60 4 81 153 10 206
60 4 82 153 10 209
60 5 81 153 12 206
60 6 79 153 15 201
60 6 80 153 15 204
60 6 81 153 15 206
60 6 82 153 15 209
60 7 78 153 17 198
60 7 79 153 17 201
60 7 82 153 17 209
60 8 82 153 20 209
60 8 83 153 20 211
60 9 82 153 22 209
60 9 83 153 22 211
60 10 82 153 25 209
60 11 80 153 28 204
60 11 81 153 28 206
60 11 82 153 28 209
60 11 83 153 28 211
60 11 84 153 28 214
60 12 80 153 30 204
60 12 81 153 30 206
60 12 82 153 30 209
60 12 83 153 30 211
60 12 84 153 30 214
60 13 80 153 33 204
60 13 81 153 33 206
60 13 82 153 33 209
60 14 81 153 35 206
60 78 94 153 198 239
60 79 94 153 201 239
60 81 93 153 206 237
60 83 82 153 211 209
60 84 82 153 214 209
60 84 83 153 214 211
60 85 82 153 216 209
60 85 83 153 216 211
60 86 80 153 219 204
60 86 81 153 219 206
60 86 82 153 219 209
60 87 77 153 221 196
60 87 78 153 221 198
60 87 80 153 221 204
60 88 77 153 224 196
60 88 78 153 224 198
60 89 78 153 226 198
60 89 79 153 226 201
60 90 78 153 229 198
60 90 79 153 229 201
60 91 79 153 232 201
60 91 80 153 232 204
60 92 79 153 234 201
60 92 80 153 234 204
60 93 79 153 237 201
60 93 80 153 237 204
60 94 79 153 239 201
60 94 80 153 239 204
60 95 79 153 242 201
60 95 80 153 242 204
60 96 79 153 244 201
60 96 80 153 244 204
60 97 78 153 247 198
60 97 79 153 247 201
60 97 80 153 247 204
60 98 77 153 249 196
60 98 78 153 249 198
60 98 79 153 249 201
60 99 76 153 252 193
60 99 77 153 252 196
60 99 78 153 252 198
60 99 79 153 252 201
60 100 77 153 255 196
60 100 78 153 255 198
61 3 81 155 7 206
61 4 80 155 10 204
61 4 81 155 10 206
61 5 80 155 12 204
61 5 81 155 12 206
61 6 78 155 15 198
61 6 79 155 15 201
61 6 80 155 15 204
61 6 81 155 15 206
61 7 77 155 17 196
61 7 78 155 17 198
61 7 79 155 17 201
61 7 82 155 17 209
61 8 75 155 20 191
61 8 82 155 20 209
61 8 83 155 20 211
61 9 82 155 22 209
61 9 83 155 22 211
61 10 81 155 25 206
61 10 82 155 25 209
61 11 80 155 28 204
61 11 81 155 28 206
61 12 80 155 30 204
61 13 79 155 33 201
61 13 80 155 33 204
61 83 82 155 211 209
61 84 82 155 214 209
61 84 83 155 214 211
61 85 81 155 216 206
61 85 82 155 216 209
61 85 83 155 216 211
61 86 80 155 219 204
61 86 81 155 219 206
61 86 82 155 219 209
61 87 75 155 221 191
61 87 76 155 221 193
61 87 77 155 221 196
61 87 80 155 221 204
61 88 75 155 224 191
61 88 76 155 224 193
61 88 77 155 224 196
61 88 78 155 224 198
61 89 77 155 226 196
61 89 78 155 226 198
61 90 77 155 229 196
61 90 78 155 229 198
61 90 79 155 229 201
61 91 77 155 232 196
61 91 78 155 232 198
61 91 79 155 232 201
61 92 78 155 234 198
61 92 79 155 234 201
61 93 78 155 237 198
61 93 79 155 237 201
61 94 78 155 239 198
61 94 79 155 239 201
61 95 77 155 242 196
61 95 78 155 242 198
61 95 79 155 242 201
61 96 77 155 244 196
61 96 78 155 244 198
61 96 79 155 244 201
61 97 76 155 247 193
61 97 77 155 247 196
61 97 78 155 247 198
61 97 79 155 247 201
61 98 76 155 249 193
61 98 77 155 249 196
61 98 78 155 249 198
61 99 77 155 252 196
62 4 79 158 10 201
62 4 80 158 10 204
62 5 79 158 12 201
62 5 80 158 12 204
62 6 78 158 15 198
62 6 79 158 15 201
62 6 80 158 15 204
62 7 77 158 17 196
62 7 78 158 17 198
62 8 75 158 20 191
62 8 81 158 20 206
62 8 82 158 20 209
62 9 82 158 22 209
62 10 81 158 25 206
62 10 82 158 25 209
62 11 80 158 28 204
62 11 81 158 28 206
62 12 80 158 30 204
62 13 79 158 33 201
62 13 80 158 33 204
62 14 79 158 35 201
62 83 81 158 211 206
62 83 82 158 211 209
62 84 80 158 214 204
62 84 81 158 214 206
62 84 82 158 214 209
62 85 80 158 216 204
62 85 81 158 216 206
62 85 82 158 216 209
62 86 79 158 219 201
62 86 80 158 219 204
62 86 81 158 219 206
62 87 75 158 221 191
62 87 80 158 221 204
62 88 75 158 224 191
62 88 76 158 224 193
62 89 75 158 226 191
62 89 76 158 226 193
62 89 77 158 226 196
62 90 75 158 229 191
62 90 76 158 229 193
62 90 77 158 229 196
62 91 75 158 232 191
62 91 76 158 232 193
62 91 77 158 232 196
62 91 78 158 232 198
62 92 75 158 234 191
62 92 76 158 234 193
62 92 77 158 234 196
62 92 78 158 234 198
62 93 75 158 237 191
62 93 76 158 237 193
62 93 77 158 237 196
62 93 78 158 237 198
62 94 75 158 239 191
62 94 76 158 239 193
62 94 77 158 239 196
62 94 78 158 239 198
62 95 76 158 242 193
62 95 77 158 242 196
62 95 78 158 242 198
62 96 76 158 244 193
62 96 77 158 244 196
62 97 76 158 247 193
63 4 79 160 10 201
63 4 80 160 10 204
63 5 79 160 12 201
63 5 80 160 12 204
63 6 79 160 15 201
63 7 77 160 17 196
63 7 79 160 17 201
63 8 76 160 20 193
63 8 77 160 20 196
63 8 81 160 20 206
63 9 80 160 22 204
63 9 81 160 22 206
63 9 82 160 22 209
63 10 81 160 25 206
63 10 82 160 25 209
63 11 80 160 28 204
63 11 81 160 28 206
63 12 80 160 30 204
63 13 80 160 33 204
63 14 79 160 35 201
63 14 80 160 35 204
63 15 79 160 38 201
63 84 79 160 214 201
63 84 80 160 214 204
63 85 79 160 216 201
63 85 80 160 216 204
63 91 75 160 232 191
63 91 76 160 232 193
63 92 76 160 234 193
63 93 75 160 237 191
64 4 78 163 10 198
64 4 79 163 10 201
64 5 79 163 12 201
64 6 78 163 15 198
64 6 79 163 15 201
64 7 77 163 17 196
64 7 79 163 17 201
64 8 76 163 20 193
64 8 77 163 20 196
64 9 79 163 22 201
64 9 80 163 22 204
64 9 81 163 22 206
64 9 82 163 22 209
64 10 81 163 25 206
64 10 82 163 25 209
64 11 81 163 28 206
64 12 80 163 30 204
64 12 81 163 30 206
64 13 79 163 33 201
64 13 80 163 33 204
64 14 79 163 35 201
64 14 80 163 35 204
64 15 79 163 38 201
64 75 94 163 191 239
65 4 78 165 10 198
65 4 79 165 10 201
65 5 78 165 12 198
65 5 79 165 12 201
65 6 78 165 15 198
65 6 79 165 15 201
65 7 77 165 17 196
65 7 78 165 17 198
65 8 76 165 20 193
65 8 77 165 20 196
65 9 76 165 22 193
65 9 81 165 22 206
65 10 80 165 25 204
65 10 81 165 25 206
65 11 80 165 28 204
65 11 81 165 28 206
65 12 80 165 30 204
65 12 81 165 30 206
65 13 79 165 33 201
65 13 80 165 33 204
65 14 78 165 35 198
65 14 79 165 35 201
65 72 94 165 183 239
66 3 78 168 7 198
66 4 78 168 10 198
66 5 78 168 12 198
66 6 78 168 15 198
66 7 77 168 17 196
66 7 78 168 17 198
66 8 76 168 20 193
66 8 77 168 20 196
66 9 76 168 22 193
66 10 80 168 25 204
66 10 81 168 25 206
66 11 80 168 28 204
66 11 81 168 28 206
66 12 80 168 30 204
66 13 79 168 33 201
66 13 80 168 33 204
66 14 78 168 35 198
66 14 79 168 35 201
66 79 94 168 201 239
67 4 78 170 10 198
67 5 77 170 12 196
67 5 78 170 12 198
67 6 77 170 15 196
67 6 78 170 15 198
67 7 75 170 17 191
67 7 76 170 17 193
67 7 77 170 17 196
67 8 75 170 20 191
67 8 76 170 20 193
67 9 75 170 22 191
67 9 76 170 22 193
67 10 75 170 25 191
67 11 80 170 28 204
67 12 80 170 30 204
67 13 79 170 33 201
67 13 80 170 33 204
67 14 79 170 35 201
68 5 77 173 12 196
68 5 78 173 12 198
68 6 76 173 15 193
68 6 77 173 15 196
68 7 76 173 17 193
68 9 75 173 22 191
68 9 76 173 22 193
68 10 75 173 25 191
69 9 75 175 22 191
69 10 75 175 25 191
