2322
26 64 53 3 168 158
26 65 52 3 168 158
26 65 53 3 168 158
26 84 59 3 168 158
26 85 59 3 168 158
26 85 60 3 168 158
26 85 61 3 168 158
26 86 61 3 168 158
26 86 62 3 168 158
26 89 63 3 168 158
26 89 64 3 168 158
26 90 64 3 168 158
26 92 58 3 168 158
26 92 59 3 168 158
26 93 59 3 168 158
27 64 54 3 168 158
27 65 52 3 168 158
27 65 53 3 168 158
27 65 54 3 168 158
27 66 52 3 168 158
27 84 58 3 168 158
27 84 59 3 168 158
27 85 58 3 168 158
27 85 59 3 168 158
27 85 60 3 168 158
27 86 60 3 168 158
27 86 61 3 168 158
27 86 62 3 168 158
27 87 62 3 168 158
27 87 63 3 168 158
27 88 63 3 168 158
27 89 63 3 168 158
27 89 64 3 168 158
27 90 63 3 168 158
27 90 64 3 168 158
27 91 57 3 168 158
27 91 58 3 168 158
27 92 58 3 168 158
27 92 59 3 168 158
27 93 59 3 168 158
27 93 60 3 168 158
27 94 59 3 168 158
27 94 60 3 168 158
28 64 54 3 168 158
28 65 54 3 168 158
28 66 54 3 168 158
28 84 58 3 168 158
28 85 58 3 168 158
28 85 59 3 168 158
28 86 63 3 168 158
28 87 63 3 168 158
28 88 62 3 168 158
28 88 63 3 168 158
28 89 63 3 168 158
28 90 58 3 168 158
28 90 63 3 168 158
28 91 58 3 168 158
28 91 59 3 168 158
28 92 59 3 168 158
28 93 59 3 168 158
28 93 60 3 168 158
28 94 60 3 168 158
28 95 60 3 168 158
29 64 53 3 168 158
29 64 54 3 168 158
29 65 54 3 168 158
29 72 58 3 168 158
29 84 57 3 168 158
29 85 57 3 168 158
29 86 64 3 168 158
29 87 63 3 168 158
29 87 64 3 168 158
29 88 62 3 168 158
29 88 63 3 168 158
29 89 57 3 168 158
29 89 62 3 168 158
29 89 63 3 168 158
29 90 57 3 168 158
29 90 58 3 168 158
29 91 57 3 168 158
29 91 58 3 168 158
29 91 59 3 168 158
29 92 58 3 168 158
29 92 59 3 168 158
29 92 60 3 168 158
29 93 60 3 168 158
29 93 61 3 168 158
29 94 60 3 168 158
29 94 61 3 168 158
29 95 61 3 168 158
30 67 59 3 168 158
30 68 59 3 168 158
30 69 59 3 168 158
30 70 58 3 168 158
30 70 59 3 168 158
30 71 59 3 168 158
30 72 58 3 168 158
30 72 59 3 168 158
30 73 58 3 168 158
30 73 59 3 168 158
30 74 58 3 168 158
30 74 59 3 168 158
30 75 58 3 168 158
30 76 57 3 168 158
30 76 58 3 168 158
30 85 64 3 168 158
30 86 64 3 168 158
30 87 63 3 168 158
30 87 64 3 168 158
30 88 62 3 168 158
30 88 63 3 168 158
30 89 54 3 168 158
30 89 55 3 168 158
30 89 57 3 168 158
30 89 62 3 168 158
30 90 55 3 168 158
30 90 57 3 168 158
30 91 57 3 168 158
30 92 61 3 168 158
30 93 61 3 168 158
30 93 62 3 168 158
30 94 60 3 168 158
30 94 62 3 168 158
30 95 59 3 168 158
30 95 60 3 168 158
30 95 61 3 168 158
30 95 62 3 168 158
31 65 58 3 168 158
31 66 58 3 168 158
31 66 59 3 168 158
31 67 59 3 168 158
31 67 60 3 168 158
31 68 59 3 168 158
31 68 60 3 168 158
31 69 59 3 168 158
31 69 60 3 168 158
31 70 59 3 168 158
31 70 60 3 168 158
31 71 59 3 168 158
31 71 60 3 168 158
31 72 59 3 168 158
31 72 60 3 168 158
31 73 59 3 168 158
31 73 60 3 168 158
31 74 58 3 168 158
31 74 59 3 168 158
31 75 58 3 168 158
31 75 59 3 168 158
31 76 58 3 168 158
31 76 59 3 168 158
31 77 57 3 168 158
31 77 58 3 168 158
31 78 57 3 168 158
31 85 64 3 168 158
31 86 63 3 168 158
31 86 64 3 168 158
31 87 62 3 168 158
31 87 63 3 168 158
31 87 64 3 168 158
31 88 62 3 168 158
31 88 63 3 168 158
31 89 53 3 168 158
31 89 54 3 168 158
31 89 55 3 168 158
31 90 55 3 168 158
31 90 56 3 168 158
31 91 61 3 168 158
31 92 62 3 168 158
31 93 60 3 168 158
31 93 62 3 168 158
31 94 60 3 168 158
31 94 62 3 168 158
31 95 59 3 168 158
31 95 60 3 168 158
32 64 58 3 168 158
32 65 58 3 168 158
32 65 59 3 168 158
32 66 59 3 168 158
32 66 60 3 168 158
32 67 59 3 168 158
32 67 60 3 168 158
32 68 60 3 168 158
32 69 60 3 168 158
32 69 61 3 168 158
32 70 60 3 168 158
32 70 61 3 168 158
32 71 60 3 168 158
32 71 61 3 168 158
32 72 60 3 168 158
32 73 60 3 168 158
32 74 59 3 168 158
32 74 60 3 168 158
32 75 59 3 168 158
32 75 60 3 168 158
32 76 58 3 168 158
32 76 59 3 168 158
32 77 58 3 168 158
32 77 59 3 168 158
32 78 57 3 168 158
32 78 58 3 168 158
32 79 56 3 168 158
32 79 57 3 168 158
32 80 56 3 168 158
32 84 53 3 168 158
32 85 63 3 168 158
32 85 64 3 168 158
32 86 62 3 168 158
32 86 63 3 168 158
32 86 64 3 168 158
32 87 61 3 168 158
32 87 62 3 168 158
32 87 63 3 168 158
32 88 53 3 168 158
32 88 61 3 168 158
32 88 62 3 168 158
32 89 53 3 168 158
32 89 54 3 168 158
32 90 54 3 168 158
32 90 55 3 168 158
32 90 61 3 168 158
32 91 61 3 168 158
32 92 61 3 168 158
32 92 62 3 168 158
32 93 59 3 168 158
32 93 60 3 168 158
32 93 61 3 168 158
32 93 62 3 168 158
32 94 59 3 168 158
32 94 60 3 168 158
33 64 58 3 168 158
33 64 59 3 168 158
33 65 58 3 168 158
33 65 59 3 168 158
33 65 60 3 168 158
33 66 59 3 168 158
33 66 60 3 168 158
33 67 60 3 168 158
33 68 60 3 168 158
33 68 61 3 168 158
33 69 60 3 168 158
33 69 61 3 168 158
33 70 61 3 168 158
33 71 61 3 168 158
33 72 60 3 168 158
33 72 61 3 168 158
33 73 60 3 168 158
33 74 60 3 168 158
33 75 59 3 168 158
33 75 60 3 168 158
33 76 59 3 168 158
33 77 58 3 168 158
33 77 59 3 168 158
33 78 58 3 168 158
33 78 59 3 168 158
33 79 57 3 168 158
33 79 58 3 168 158
33 80 55 3 168 158
33 80 56 3 168 158
33 80 57 3 168 158
33 81 55 3 168 158
33 81 56 3 168 158
33 84 51 3 168 158
33 85 51 3 168 158
33 85 61 3 168 158
33 85 62 3 168 158
33 85 63 3 168 158
33 86 61 3 168 158
33 86 62 3 168 158
33 86 63 3 168 158
33 87 58 3 168 158
33 87 60 3 168 158
33 87 61 3 168 158
33 87 62 3 168 158
33 88 58 3 168 158
33 88 60 3 168 158
33 88 61 3 168 158
33 89 52 3 168 158
33 89 53 3 168 158
33 90 53 3 168 158
33 90 54 3 168 158
33 90 60 3 168 158
33 90 61 3 168 158
33 91 60 3 168 158
33 91 61 3 168 158
33 91 62 3 168 158
33 92 61 3 168 158
33 92 62 3 168 158
33 93 56 3 168 158
33 93 57 3 168 158
33 93 61 3 168 158
33 93 62 3 168 158
33 94 56 3 168 158
33 95 56 3 168 158
34 64 58 3 168 158
34 64 59 3 168 158
34 65 59 3 168 158
34 65 60 3 168 158
34 66 60 3 168 158
34 67 60 3 168 158
34 68 60 3 168 158
34 68 61 3 168 158
34 69 61 3 168 158
34 70 61 3 168 158
34 71 61 3 168 158
34 72 60 3 168 158
34 72 61 3 168 158
34 73 60 3 168 158
34 74 60 3 168 158
34 75 60 3 168 158
34 76 59 3 168 158
34 76 60 3 168 158
34 77 59 3 168 158
34 78 58 3 168 158
34 78 59 3 168 158
34 79 57 3 168 158
34 79 58 3 168 158
34 80 56 3 168 158
34 80 57 3 168 158
34 81 55 3 168 158
34 81 56 3 168 158
34 82 55 3 168 158
34 85 60 3 168 158
34 85 61 3 168 158
34 86 60 3 168 158
34 86 61 3 168 158
34 87 57 3 168 158
34 87 58 3 168 158
34 87 60 3 168 158
34 87 61 3 168 158
34 88 57 3 168 158
34 88 58 3 168 158
34 89 51 3 168 158
34 89 52 3 168 158
34 90 52 3 168 158
34 90 60 3 168 158
34 91 60 3 168 158
34 91 61 3 168 158
34 92 57 3 168 158
34 92 59 3 168 158
34 92 61 3 168 158
34 93 56 3 168 158
34 93 57 3 168 158
34 93 61 3 168 158
34 94 55 3 168 158
34 94 56 3 168 158
34 94 57 3 168 158
34 95 55 3 168 158
34 95 56 3 168 158
35 64 59 3 168 158
35 65 59 3 168 158
35 65 60 3 168 158
35 66 60 3 168 158
35 67 60 3 168 158
35 68 60 3 168 158
35 68 61 3 168 158
35 69 60 3 168 158
35 69 61 3 168 158
35 70 60 3 168 158
35 70 61 3 168 158
35 71 60 3 168 158
35 71 61 3 168 158
35 72 60 3 168 158
35 72 61 3 168 158
35 73 60 3 168 158
35 74 59 3 168 158
35 74 60 3 168 158
35 75 59 3 168 158
35 75 60 3 168 158
35 76 59 3 168 158
35 77 58 3 168 158
35 77 59 3 168 158
35 78 58 3 168 158
35 78 59 3 168 158
35 79 57 3 168 158
35 79 58 3 168 158
35 80 57 3 168 158
35 81 55 3 168 158
35 81 56 3 168 158
35 81 57 3 168 158
35 82 54 3 168 158
35 82 55 3 168 158
35 82 56 3 168 158
35 83 53 3 168 158
35 83 54 3 168 158
35 85 60 3 168 158
35 86 59 3 168 158
35 86 60 3 168 158
35 86 61 3 168 158
35 87 57 3 168 158
35 87 58 3 168 158
35 87 59 3 168 158
35 87 60 3 168 158
35 88 56 3 168 158
35 88 57 3 168 158
35 89 51 3 168 158
35 89 52 3 168 158
35 90 52 3 168 158
35 90 59 3 168 158
35 90 60 3 168 158
35 91 59 3 168 158
35 91 60 3 168 158
35 91 61 3 168 158
35 92 57 3 168 158
35 92 59 3 168 158
35 92 60 3 168 158
35 92 61 3 168 158
35 93 57 3 168 158
35 94 55 3 168 158
35 94 56 3 168 158
35 94 57 3 168 158
35 95 55 3 168 158
36 67 61 3 168 158
36 68 61 3 168 158
36 69 60 3 168 158
36 69 61 3 168 158
36 70 60 3 168 158
36 71 60 3 168 158
36 72 60 3 168 158
36 73 59 3 168 158
36 73 60 3 168 158
36 74 59 3 168 158
36 74 60 3 168 158
36 75 59 3 168 158
36 76 58 3 168 158
36 76 59 3 168 158
36 77 58 3 168 158
36 77 59 3 168 158
36 78 58 3 168 158
36 79 57 3 168 158
36 79 58 3 168 158
36 80 57 3 168 158
36 81 56 3 168 158
36 81 57 3 168 158
36 82 55 3 168 158
36 82 56 3 168 158
36 83 53 3 168 158
36 83 54 3 168 158
36 83 55 3 168 158
36 84 53 3 168 158
36 84 54 3 168 158
36 85 53 3 168 158
36 85 59 3 168 158
36 86 58 3 168 158
36 86 59 3 168 158
36 86 60 3 168 158
36 87 58 3 168 158
36 87 59 3 168 158
36 88 55 3 168 158
36 88 56 3 168 158
36 88 58 3 168 158
36 89 53 3 168 158
36 89 54 3 168 158
36 90 53 3 168 158
36 90 58 3 168 158
36 90 59 3 168 158
36 91 58 3 168 158
36 91 59 3 168 158
36 91 60 3 168 158
36 92 57 3 168 158
36 92 58 3 168 158
36 92 59 3 168 158
36 93 57 3 168 158
36 94 55 3 168 158
36 94 56 3 168 158
36 94 57 3 168 158
36 95 54 3 168 158
36 95 55 3 168 158
37 64 63 3 168 158
37 64 64 3 168 158
37 65 63 3 168 158
37 65 64 3 168 158
37 66 63 3 168 158
37 66 64 3 168 158
37 67 61 3 168 158
37 67 63 3 168 158
37 68 61 3 168 158
37 69 60 3 168 158
37 69 61 3 168 158
37 70 60 3 168 158
37 71 60 3 168 158
37 72 60 3 168 158
37 73 59 3 168 158
37 73 60 3 168 158
37 74 59 3 168 158
37 75 58 3 168 158
37 75 59 3 168 158
37 76 58 3 168 158
37 76 59 3 168 158
37 77 57 3 168 158
37 77 58 3 168 158
37 78 57 3 168 158
37 78 58 3 168 158
37 79 57 3 168 158
37 79 58 3 168 158
37 80 56 3 168 158
37 80 57 3 168 158
37 81 56 3 168 158
37 82 55 3 168 158
37 82 56 3 168 158
37 83 54 3 168 158
37 83 55 3 168 158
37 84 53 3 168 158
37 84 54 3 168 158
37 85 53 3 168 158
37 85 54 3 168 158
37 85 58 3 168 158
37 85 59 3 168 158
37 86 58 3 168 158
37 86 59 3 168 158
37 87 57 3 168 158
37 87 58 3 168 158
37 88 57 3 168 158
37 88 58 3 168 158
37 89 54 3 168 158
37 89 57 3 168 158
37 90 54 3 168 158
37 90 57 3 168 158
37 90 58 3 168 158
37 91 57 3 168 158
37 91 58 3 168 158
37 91 59 3 168 158
37 92 56 3 168 158
37 92 57 3 168 158
37 93 56 3 168 158
37 93 57 3 168 158
37 94 53 3 168 158
37 94 54 3 168 158
37 94 55 3 168 158
37 94 56 3 168 158
37 94 57 3 168 158
37 95 53 3 168 158
37 95 54 3 168 158
38 63 63 3 168 158
38 64 63 3 168 158
38 64 64 3 168 158
38 65 64 3 168 158
38 65 65 3 168 158
38 66 64 3 168 158
38 66 65 3 168 158
38 67 63 3 168 158
38 67 64 3 168 158
38 68 61 3 168 158
38 69 60 3 168 158
38 69 61 3 168 158
38 70 60 3 168 158
38 71 60 3 168 158
38 72 60 3 168 158
38 73 59 3 168 158
38 73 60 3 168 158
38 74 58 3 168 158
38 74 59 3 168 158
38 75 57 3 168 158
38 75 58 3 168 158
38 76 57 3 168 158
38 76 58 3 168 158
38 77 57 3 168 158
38 77 58 3 168 158
38 78 56 3 168 158
38 78 57 3 168 158
38 79 56 3 168 158
38 79 57 3 168 158
38 80 56 3 168 158
38 80 57 3 168 158
38 81 55 3 168 158
38 81 56 3 168 158
38 82 55 3 168 158
38 82 56 3 168 158
38 83 54 3 168 158
38 83 55 3 168 158
38 84 54 3 168 158
38 85 54 3 168 158
38 85 57 3 168 158
38 85 58 3 168 158
38 86 57 3 168 158
38 86 58 3 168 158
38 87 56 3 168 158
38 87 57 3 168 158
38 87 58 3 168 158
38 88 56 3 168 158
38 88 57 3 168 158
38 89 54 3 168 158
38 89 56 3 168 158
38 89 57 3 168 158
38 90 54 3 168 158
38 90 56 3 168 158
38 90 57 3 168 158
38 91 56 3 168 158
38 91 57 3 168 158
38 91 58 3 168 158
38 92 56 3 168 158
38 92 57 3 168 158
38 93 55 3 168 158
38 93 56 3 168 158
38 94 51 3 168 158
38 94 53 3 168 158
38 94 55 3 168 158
38 94 56 3 168 158
38 95 51 3 168 158
38 95 52 3 168 158
38 95 53 3 168 158
38 96 50 3 168 158
38 96 51 3 168 158
38 97 50 3 168 158
38 98 50 3 168 158
39 63 63 3 168 158
39 64 64 3 168 158
39 65 64 3 168 158
39 65 65 3 168 158
39 66 64 3 168 158
39 66 65 3 168 158
39 67 65 3 168 158
39 68 61 3 168 158
39 68 65 3 168 158
39 69 60 3 168 158
39 69 61 3 168 158
39 70 60 3 168 158
39 71 60 3 168 158
39 72 60 3 168 158
39 73 57 3 168 158
39 73 59 3 168 158
39 73 60 3 168 158
39 74 52 3 168 158
39 74 56 3 168 158
39 74 57 3 168 158
39 74 58 3 168 158
39 74 59 3 168 158
39 75 52 3 168 158
39 75 56 3 168 158
39 75 57 3 168 158
39 75 58 3 168 158
39 76 51 3 168 158
39 76 52 3 168 158
39 76 56 3 168 158
39 76 57 3 168 158
39 77 52 3 168 158
39 77 54 3 168 158
39 77 55 3 168 158
39 77 56 3 168 158
39 77 57 3 168 158
39 78 54 3 168 158
39 78 55 3 168 158
39 78 56 3 168 158
39 79 55 3 168 158
39 79 56 3 168 158
39 80 55 3 168 158
39 80 56 3 168 158
39 81 55 3 168 158
39 81 56 3 168 158
39 82 54 3 168 158
39 82 55 3 168 158
39 83 54 3 168 158
39 83 55 3 168 158
39 84 54 3 168 158
39 85 54 3 168 158
39 85 56 3 168 158
39 85 57 3 168 158
39 86 56 3 168 158
39 86 57 3 168 158
39 87 55 3 168 158
39 87 56 3 168 158
39 87 57 3 168 158
39 88 55 3 168 158
39 88 56 3 168 158
39 89 54 3 168 158
39 89 55 3 168 158
39 89 56 3 168 158
39 90 54 3 168 158
39 90 55 3 168 158
39 90 56 3 168 158
39 91 55 3 168 158
39 91 56 3 168 158
39 91 57 3 168 158
39 92 55 3 168 158
39 92 56 3 168 158
39 93 54 3 168 158
39 93 55 3 168 158
39 93 56 3 168 158
39 94 52 3 168 158
39 94 53 3 168 158
39 94 54 3 168 158
39 94 55 3 168 158
39 95 50 3 168 158
39 95 51 3 168 158
39 96 50 3 168 158
39 96 51 3 168 158
39 97 49 3 168 158
39 97 50 3 168 158
39 98 49 3 168 158
39 98 50 3 168 158
39 99 49 3 168 158
40 63 63 3 168 158
40 64 63 3 168 158
40 64 64 3 168 158
40 65 64 3 168 158
40 66 64 3 168 158
40 66 65 3 168 158
40 67 64 3 168 158
40 67 65 3 168 158
40 68 64 3 168 158
40 68 65 3 168 158
40 69 60 3 168 158
40 69 61 3 168 158
40 69 63 3 168 158
40 70 60 3 168 158
40 71 59 3 168 158
40 71 60 3 168 158
40 72 59 3 168 158
40 72 60 3 168 158
40 73 51 3 168 158
40 73 52 3 168 158
40 73 56 3 168 158
40 73 57 3 168 158
40 73 58 3 168 158
40 73 59 3 168 158
40 74 51 3 168 158
40 74 52 3 168 158
40 74 56 3 168 158
40 74 57 3 168 158
40 76 51 3 168 158
40 76 52 3 168 158
40 77 51 3 168 158
40 77 52 3 168 158
40 78 50 3 168 158
40 78 51 3 168 158
40 78 52 3 168 158
40 78 53 3 168 158
40 78 54 3 168 158
40 78 55 3 168 158
40 79 50 3 168 158
40 79 51 3 168 158
40 79 53 3 168 158
40 79 54 3 168 158
40 79 55 3 168 158
40 80 53 3 168 158
40 80 54 3 168 158
40 80 55 3 168 158
40 81 54 3 168 158
40 81 55 3 168 158
40 82 54 3 168 158
40 82 55 3 168 158
40 83 54 3 168 158
40 84 53 3 168 158
40 84 54 3 168 158
40 85 53 3 168 158
40 85 54 3 168 158
40 85 55 3 168 158
40 85 56 3 168 158
40 86 55 3 168 158
40 86 56 3 168 158
40 87 54 3 168 158
40 87 55 3 168 158
40 88 54 3 168 158
40 88 55 3 168 158
40 89 54 3 168 158
40 89 55 3 168 158
40 90 54 3 168 158
40 90 55 3 168 158
40 91 54 3 168 158
40 91 55 3 168 158
40 91 56 3 168 158
40 92 54 3 168 158
40 92 55 3 168 158
40 93 54 3 168 158
40 93 55 3 168 158
40 94 54 3 168 158
40 95 50 3 168 158
40 95 54 3 168 158
40 96 49 3 168 158
40 96 50 3 168 158
40 97 49 3 168 158
40 97 50 3 168 158
40 98 48 3 168 158
40 98 49 3 168 158
40 99 48 3 168 158
40 99 49 3 168 158
41 63 62 3 168 158
41 63 63 3 168 158
41 64 63 3 168 158
41 64 64 3 168 158
41 65 63 3 168 158
41 65 64 3 168 158
41 66 63 3 168 158
41 66 64 3 168 158
41 67 63 3 168 158
41 67 64 3 168 158
41 68 63 3 168 158
41 68 64 3 168 158
41 69 59 3 168 158
41 69 60 3 168 158
41 69 61 3 168 158
41 69 62 3 168 158
41 69 63 3 168 158
41 70 59 3 168 158
41 70 60 3 168 158
41 71 59 3 168 158
41 71 60 3 168 158
41 72 55 3 168 158
41 72 56 3 168 158
41 72 58 3 168 158
41 72 59 3 168 158
41 73 51 3 168 158
41 73 52 3 168 158
41 73 54 3 168 158
41 73 55 3 168 158
41 73 56 3 168 158
41 73 58 3 168 158
41 73 59 3 168 158
41 74 50 3 168 158
41 74 51 3 168 158
41 75 50 3 168 158
41 76 50 3 168 158
41 78 50 3 168 158
41 79 49 3 168 158
41 79 50 3 168 158
41 79 53 3 168 158
41 80 49 3 168 158
41 80 50 3 168 158
41 80 52 3 168 158
41 80 53 3 168 158
41 80 54 3 168 158
41 81 49 3 168 158
41 81 52 3 168 158
41 81 53 3 168 158
41 81 54 3 168 158
41 82 52 3 168 158
41 82 53 3 168 158
41 82 54 3 168 158
41 83 53 3 168 158
41 83 54 3 168 158
41 84 53 3 168 158
41 84 54 3 168 158
41 85 53 3 168 158
41 85 54 3 168 158
41 85 55 3 168 158
41 86 53 3 168 158
41 86 54 3 168 158
41 86 55 3 168 158
41 87 53 3 168 158
41 87 54 3 168 158
41 88 53 3 168 158
41 88 54 3 168 158
41 88 55 3 168 158
41 89 53 3 168 158
41 89 54 3 168 158
41 90 53 3 168 158
41 90 54 3 168 158
41 91 53 3 168 158
41 91 54 3 168 158
41 91 55 3 168 158
41 92 53 3 168 158
41 92 54 3 168 158
41 93 53 3 168 158
41 93 54 3 168 158
41 94 53 3 168 158
41 94 54 3 168 158
41 95 53 3 168 158
41 95 54 3 168 158
41 96 48 3 168 158
42 63 62 3 168 158
42 64 62 3 168 158
42 64 63 3 168 158
42 65 62 3 168 158
42 65 63 3 168 158
42 66 62 3 168 158
42 66 63 3 168 158
42 67 62 3 168 158
42 67 63 3 168 158
42 68 61 3 168 158
42 68 62 3 168 158
42 68 63 3 168 158
42 69 59 3 168 158
42 69 61 3 168 158
42 69 62 3 168 158
42 70 59 3 168 158
42 71 56 3 168 158
42 71 58 3 168 158
42 71 59 3 168 158
42 72 55 3 168 158
42 72 56 3 168 158
42 72 58 3 168 158
42 72 59 3 168 158
42 73 51 3 168 158
42 73 52 3 168 158
42 73 53 3 168 158
42 73 54 3 168 158
42 73 55 3 168 158
42 74 50 3 168 158
42 74 51 3 168 158
42 75 50 3 168 158
42 76 50 3 168 158
42 77 49 3 168 158
42 77 50 3 168 158
42 78 49 3 168 158
42 79 49 3 168 158
42 80 49 3 168 158
42 81 48 3 168 158
42 81 49 3 168 158
42 81 52 3 168 158
42 82 48 3 168 158
42 82 49 3 168 158
42 82 51 3 168 158
42 82 52 3 168 158
42 82 53 3 168 158
42 83 47 3 168 158
42 83 48 3 168 158
42 83 51 3 168 158
42 83 52 3 168 158
42 83 53 3 168 158
42 84 51 3 168 158
42 84 52 3 168 158
42 85 51 3 168 158
42 85 52 3 168 158
42 85 53 3 168 158
42 85 54 3 168 158
42 86 52 3 168 158
42 86 53 3 168 158
42 86 54 3 168 158
42 87 53 3 168 158
42 87 54 3 168 158
42 88 53 3 168 158
42 89 53 3 168 158
42 90 52 3 168 158
42 90 53 3 168 158
42 90 54 3 168 158
42 91 52 3 168 158
42 91 53 3 168 158
42 92 52 3 168 158
42 92 53 3 168 158
42 93 52 3 168 158
42 93 53 3 168 158
42 94 52 3 168 158
42 94 53 3 168 158
42 94 54 3 168 158
42 95 52 3 168 158
42 95 53 3 168 158
42 95 54 3 168 158
42 96 47 3 168 158
42 96 48 3 168 158
42 96 52 3 168 158
42 96 53 3 168 158
43 63 62 3 168 158
43 64 62 3 168 158
43 65 59 3 168 158
43 65 61 3 168 158
43 65 62 3 168 158
43 66 59 3 168 158
43 66 60 3 168 158
43 66 61 3 168 158
43 66 62 3 168 158
43 67 60 3 168 158
43 67 61 3 168 158
43 67 62 3 168 158
43 68 58 3 168 158
43 68 59 3 168 158
43 68 60 3 168 158
43 68 61 3 168 158
43 68 62 3 168 158
43 69 58 3 168 158
43 69 59 3 168 158
43 69 60 3 168 158
43 69 61 3 168 158
43 70 55 3 168 158
43 70 56 3 168 158
43 70 57 3 168 158
43 70 58 3 168 158
43 70 59 3 168 158
43 71 55 3 168 158
43 71 56 3 168 158
43 71 57 3 168 158
43 71 58 3 168 158
43 71 59 3 168 158
43 72 54 3 168 158
43 72 55 3 168 158
43 72 56 3 168 158
43 73 52 3 168 158
43 73 53 3 168 158
43 73 54 3 168 158
43 74 51 3 168 158
43 74 52 3 168 158
43 75 50 3 168 158
43 75 51 3 168 158
43 75 52 3 168 158
43 76 50 3 168 158
43 76 51 3 168 158
43 77 49 3 168 158
43 77 50 3 168 158
43 78 49 3 168 158
43 79 49 3 168 158
43 80 48 3 168 158
43 80 49 3 168 158
43 81 48 3 168 158
43 82 48 3 168 158
43 83 47 3 168 158
43 83 48 3 168 158
43 84 47 3 168 158
43 84 50 3 168 158
43 84 51 3 168 158
43 85 50 3 168 158
43 85 51 3 168 158
43 86 51 3 168 158
43 86 52 3 168 158
43 86 53 3 168 158
43 87 52 3 168 158
43 87 53 3 168 158
43 88 52 3 168 158
43 88 53 3 168 158
43 89 52 3 168 158
43 89 53 3 168 158
43 90 52 3 168 158
43 90 53 3 168 158
43 91 51 3 168 158
43 91 52 3 168 158
43 91 53 3 168 158
43 92 51 3 168 158
43 92 52 3 168 158
43 92 53 3 168 158
43 93 51 3 168 158
43 93 52 3 168 158
43 94 52 3 168 158
43 95 46 3 168 158
43 95 47 3 168 158
43 95 51 3 168 158
43 95 52 3 168 158
43 96 46 3 168 158
43 96 47 3 168 158
43 96 51 3 168 158
43 96 52 3 168 158
43 97 46 3 168 158
43 97 47 3 168 158
44 64 58 3 168 158
44 64 62 3 168 158
44 65 58 3 168 158
44 65 59 3 168 158
44 65 61 3 168 158
44 65 62 3 168 158
44 66 59 3 168 158
44 66 60 3 168 158
44 67 58 3 168 158
44 67 59 3 168 158
44 67 60 3 168 158
44 68 58 3 168 158
44 68 59 3 168 158
44 68 60 3 168 158
44 69 55 3 168 158
44 69 57 3 168 158
44 69 58 3 168 158
44 70 55 3 168 158
44 70 57 3 168 158
44 70 58 3 168 158
44 71 54 3 168 158
44 71 55 3 168 158
44 72 54 3 168 158
44 72 55 3 168 158
44 73 53 3 168 158
44 73 54 3 168 158
44 74 52 3 168 158
44 74 53 3 168 158
44 75 51 3 168 158
44 75 52 3 168 158
44 76 50 3 168 158
44 76 51 3 168 158
44 77 50 3 168 158
44 77 51 3 168 158
44 78 49 3 168 158
44 78 50 3 168 158
44 79 49 3 168 158
44 79 50 3 168 158
44 80 48 3 168 158
44 80 49 3 168 158
44 81 48 3 168 158
44 82 47 3 168 158
44 82 48 3 168 158
44 83 47 3 168 158
44 83 48 3 168 158
44 84 47 3 168 158
44 86 51 3 168 158
44 87 50 3 168 158
44 87 51 3 168 158
44 87 52 3 168 158
44 88 51 3 168 158
44 88 52 3 168 158
44 89 51 3 168 158
44 89 52 3 168 158
44 90 51 3 168 158
44 90 52 3 168 158
44 91 50 3 168 158
44 91 51 3 168 158
44 92 50 3 168 158
44 92 51 3 168 158
44 93 50 3 168 158
44 93 51 3 168 158
44 93 52 3 168 158
44 94 51 3 168 158
44 95 46 3 168 158
44 96 45 3 168 158
44 96 46 3 168 158
44 97 45 3 168 158
44 97 46 3 168 158
45 63 57 3 168 158
45 63 58 3 168 158
45 64 58 3 168 158
45 65 58 3 168 158
45 65 59 3 168 158
45 66 59 3 168 158
45 67 57 3 168 158
45 67 58 3 168 158
45 67 59 3 168 158
45 68 54 3 168 158
45 68 55 3 168 158
45 68 57 3 168 158
45 68 58 3 168 158
45 68 59 3 168 158
45 69 54 3 168 158
45 69 55 3 168 158
45 69 57 3 168 158
45 69 58 3 168 158
45 70 54 3 168 158
45 70 55 3 168 158
45 71 54 3 168 158
45 71 55 3 168 158
45 72 53 3 168 158
45 72 54 3 168 158
45 73 53 3 168 158
45 74 52 3 168 158
45 74 53 3 168 158
45 75 52 3 168 158
45 76 51 3 168 158
45 76 52 3 168 158
45 77 51 3 168 158
45 78 50 3 168 158
45 78 51 3 168 158
45 79 50 3 168 158
45 80 49 3 168 158
45 80 50 3 168 158
45 81 48 3 168 158
45 81 49 3 168 158
45 82 48 3 168 158
45 82 49 3 168 158
45 83 47 3 168 158
45 83 48 3 168 158
45 84 47 3 168 158
45 85 47 3 168 158
45 86 46 3 168 158
45 87 50 3 168 158
45 88 50 3 168 158
45 88 51 3 168 158
45 89 50 3 168 158
45 89 51 3 168 158
45 90 50 3 168 158
45 90 51 3 168 158
45 91 50 3 168 158
45 91 51 3 168 158
45 92 50 3 168 158
45 93 50 3 168 158
45 96 44 3 168 158
45 96 45 3 168 158
45 97 44 3 168 158
45 97 45 3 168 158
45 98 44 3 168 158
46 63 57 3 168 158
46 63 58 3 168 158
46 64 58 3 168 158
46 65 58 3 168 158
46 65 59 3 168 158
46 66 57 3 168 158
46 66 58 3 168 158
46 66 59 3 168 158
46 67 56 3 168 158
46 67 57 3 168 158
46 67 58 3 168 158
46 68 54 3 168 158
46 68 55 3 168 158
46 68 56 3 168 158
46 68 57 3 168 158
46 69 54 3 168 158
46 69 55 3 168 158
46 70 54 3 168 158
46 71 53 3 168 158
46 71 54 3 168 158
46 72 53 3 168 158
46 72 54 3 168 158
46 73 52 3 168 158
46 73 53 3 168 158
46 74 52 3 168 158
46 74 53 3 168 158
46 75 52 3 168 158
46 76 51 3 168 158
46 76 52 3 168 158
46 77 51 3 168 158
46 78 51 3 168 158
46 79 50 3 168 158
46 79 51 3 168 158
46 80 49 3 168 158
46 80 50 3 168 158
46 81 49 3 168 158
46 81 50 3 168 158
46 82 48 3 168 158
46 82 49 3 168 158
46 83 47 3 168 158
46 83 48 3 168 158
46 83 49 3 168 158
46 84 47 3 168 158
46 84 48 3 168 158
46 85 46 3 168 158
46 85 47 3 168 158
46 86 46 3 168 158
46 87 46 3 168 158
46 87 49 3 168 158
46 87 50 3 168 158
46 88 49 3 168 158
46 88 50 3 168 158
46 89 49 3 168 158
46 89 50 3 168 158
46 90 49 3 168 158
46 90 50 3 168 158
46 91 49 3 168 158
46 91 50 3 168 158
46 92 49 3 168 158
46 92 50 3 168 158
46 93 49 3 168 158
46 93 50 3 168 158
46 97 43 3 168 158
46 97 44 3 168 158
46 98 43 3 168 158
46 98 44 3 168 158
47 63 58 3 168 158
47 64 58 3 168 158
47 65 57 3 168 158
47 65 58 3 168 158
47 66 56 3 168 158
47 66 57 3 168 158
47 66 58 3 168 158
47 67 55 3 168 158
47 67 56 3 168 158
47 68 54 3 168 158
47 68 55 3 168 158
47 68 56 3 168 158
47 69 54 3 168 158
47 69 55 3 168 158
47 70 54 3 168 158
47 70 55 3 168 158
47 71 53 3 168 158
47 71 54 3 168 158
47 72 53 3 168 158
47 72 54 3 168 158
47 73 52 3 168 158
47 73 53 3 168 158
47 74 52 3 168 158
47 75 52 3 168 158
47 76 51 3 168 158
47 76 52 3 168 158
47 77 51 3 168 158
47 78 51 3 168 158
47 79 50 3 168 158
47 79 51 3 168 158
47 80 50 3 168 158
47 81 50 3 168 158
47 82 49 3 168 158
47 82 50 3 168 158
47 83 48 3 168 158
47 83 49 3 168 158
47 84 47 3 168 158
47 84 48 3 168 158
47 84 49 3 168 158
47 85 46 3 168 158
47 85 47 3 168 158
47 85 48 3 168 158
47 86 46 3 168 158
47 86 47 3 168 158
47 87 45 3 168 158
47 87 46 3 168 158
47 88 45 3 168 158
47 88 46 3 168 158
47 90 49 3 168 158
47 91 49 3 168 158
48 63 57 3 168 158
48 63 58 3 168 158
48 64 57 3 168 158
48 64 58 3 168 158
48 65 57 3 168 158
48 65 58 3 168 158
48 66 56 3 168 158
48 66 57 3 168 158
48 67 56 3 168 158
48 68 50 3 168 158
48 68 54 3 168 158
48 68 55 3 168 158
48 68 56 3 168 158
48 69 50 3 168 158
48 69 51 3 168 158
48 69 52 3 168 158
48 69 54 3 168 158
48 69 55 3 168 158
48 70 51 3 168 158
48 70 52 3 168 158
48 70 53 3 168 158
48 70 54 3 168 158
48 71 51 3 168 158
48 71 52 3 168 158
48 71 53 3 168 158
48 71 54 3 168 158
48 72 51 3 168 158
48 72 52 3 168 158
48 72 53 3 168 158
48 73 51 3 168 158
48 73 52 3 168 158
48 73 53 3 168 158
48 74 51 3 168 158
48 74 52 3 168 158
48 75 51 3 168 158
48 75 52 3 168 158
48 76 51 3 168 158
48 77 51 3 168 158
48 78 51 3 168 158
48 79 50 3 168 158
48 79 51 3 168 158
48 80 50 3 168 158
48 81 50 3 168 158
48 82 49 3 168 158
48 82 50 3 168 158
48 83 49 3 168 158
48 84 48 3 168 158
48 84 49 3 168 158
48 85 47 3 168 158
48 85 48 3 168 158
48 86 46 3 168 158
48 86 47 3 168 158
48 87 45 3 168 158
48 87 46 3 168 158
48 88 45 3 168 158
48 89 45 3 168 158
49 63 56 3 168 158
49 63 57 3 168 158
49 64 56 3 168 158
49 64 57 3 168 158
49 65 55 3 168 158
49 65 56 3 168 158
49 65 57 3 168 158
49 66 55 3 168 158
49 66 56 3 168 158
49 67 55 3 168 158
49 67 56 3 168 158
49 68 54 3 168 158
49 68 55 3 168 158
49 69 49 3 168 158
49 69 50 3 168 158
49 69 51 3 168 158
49 69 54 3 168 158
49 70 49 3 168 158
49 70 50 3 168 158
49 70 51 3 168 158
49 71 49 3 168 158
49 71 50 3 168 158
49 71 51 3 168 158
49 72 49 3 168 158
49 72 50 3 168 158
49 72 51 3 168 158
49 73 50 3 168 158
49 73 51 3 168 158
49 74 50 3 168 158
49 74 51 3 168 158
49 75 50 3 168 158
49 75 51 3 168 158
49 76 50 3 168 158
49 76 51 3 168 158
49 77 50 3 168 158
49 77 51 3 168 158
49 78 50 3 168 158
49 78 51 3 168 158
49 79 50 3 168 158
49 80 50 3 168 158
49 81 50 3 168 158
49 82 49 3 168 158
49 82 50 3 168 158
49 83 49 3 168 158
49 84 48 3 168 158
49 84 49 3 168 158
49 85 48 3 168 158
49 86 47 3 168 158
49 86 48 3 168 158
49 87 45 3 168 158
49 87 46 3 168 158
49 87 47 3 168 158
49 88 45 3 168 158
49 89 45 3 168 158
50 64 56 3 168 158
50 65 55 3 168 158
50 65 56 3 168 158
50 66 55 3 168 158
50 71 49 3 168 158
50 72 48 3 168 158
50 72 49 3 168 158
50 73 48 3 168 158
50 73 49 3 168 158
50 73 50 3 168 158
50 74 48 3 168 158
50 74 49 3 168 158
50 74 50 3 168 158
50 75 48 3 168 158
50 75 49 3 168 158
50 75 50 3 168 158
50 76 48 3 168 158
50 76 49 3 168 158
50 76 50 3 168 158
50 77 49 3 168 158
50 77 50 3 168 158
50 78 49 3 168 158
50 78 50 3 168 158
50 79 49 3 168 158
50 79 50 3 168 158
50 80 49 3 168 158
50 80 50 3 168 158
50 81 49 3 168 158
50 81 50 3 168 158
50 82 49 3 168 158
50 83 49 3 168 158
50 84 48 3 168 158
50 84 49 3 168 158
50 85 48 3 168 158
50 86 47 3 168 158
50 86 48 3 168 158
50 87 46 3 168 158
50 87 47 3 168 158
50 88 44 3 168 158
50 88 45 3 168 158
50 88 46 3 168 158
50 89 44 3 168 158
50 89 45 3 168 158
51 66 45 3 168 158
51 66 46 3 168 158
51 67 46 3 168 158
51 68 46 3 168 158
51 69 45 3 168 158
51 69 46 3 168 158
51 70 45 3 168 158
51 70 46 3 168 158
51 71 45 3 168 158
51 75 48 3 168 158
51 76 47 3 168 158
51 76 48 3 168 158
51 76 49 3 168 158
51 77 47 3 168 158
51 77 48 3 168 158
51 77 49 3 168 158
51 78 47 3 168 158
51 78 48 3 168 158
51 78 49 3 168 158
51 79 47 3 168 158
51 79 48 3 168 158
51 79 49 3 168 158
51 80 48 3 168 158
51 80 49 3 168 158
51 81 48 3 168 158
51 81 49 3 168 158
51 82 48 3 168 158
51 82 49 3 168 158
51 83 48 3 168 158
51 83 49 3 168 158
51 84 48 3 168 158
51 84 49 3 168 158
51 85 48 3 168 158
51 86 47 3 168 158
51 86 48 3 168 158
51 87 46 3 168 158
51 87 47 3 168 158
51 88 44 3 168 158
51 88 45 3 168 158
51 88 46 3 168 158
51 89 43 3 168 158
51 89 44 3 168 158
51 90 43 3 168 158
51 90 44 3 168 158
52 65 52 3 168 158
52 65 53 3 168 158
52 66 46 3 168 158
52 66 53 3 168 158
52 67 46 3 168 158
52 68 46 3 168 158
52 69 46 3 168 158
52 70 46 3 168 158
52 71 45 3 168 158
52 71 46 3 168 158
52 72 45 3 168 158
52 72 46 3 168 158
52 73 44 3 168 158
52 73 45 3 168 158
52 74 44 3 168 158
52 74 45 3 168 158
52 78 47 3 168 158
52 79 46 3 168 158
52 79 47 3 168 158
52 79 48 3 168 158
52 80 46 3 168 158
52 80 47 3 168 158
52 80 48 3 168 158
52 81 47 3 168 158
52 81 48 3 168 158
52 82 48 3 168 158
52 83 48 3 168 158
52 84 48 3 168 158
52 85 47 3 168 158
52 85 48 3 168 158
52 86 47 3 168 158
52 86 48 3 168 158
52 87 46 3 168 158
52 87 47 3 168 158
52 88 44 3 168 158
52 88 45 3 168 158
52 88 46 3 168 158
52 89 43 3 168 158
52 89 44 3 168 158
52 90 43 3 168 158
53 63 55 3 168 158
53 64 55 3 168 158
53 65 53 3 168 158
53 65 54 3 168 158
53 65 55 3 168 158
53 66 50 3 168 158
53 66 52 3 168 158
53 66 53 3 168 158
53 67 49 3 168 158
53 68 48 3 168 158
53 68 49 3 168 158
53 69 46 3 168 158
53 69 49 3 168 158
53 70 46 3 168 158
53 71 46 3 168 158
53 72 45 3 168 158
53 72 46 3 168 158
53 73 45 3 168 158
53 73 46 3 168 158
53 74 44 3 168 158
53 74 45 3 168 158
53 75 44 3 168 158
53 75 45 3 168 158
53 80 46 3 168 158
53 81 45 3 168 158
53 81 46 3 168 158
53 81 47 3 168 158
53 82 46 3 168 158
53 82 47 3 168 158
53 82 48 3 168 158
53 83 47 3 168 158
53 83 48 3 168 158
53 84 47 3 168 158
53 84 48 3 168 158
53 85 47 3 168 158
53 85 48 3 168 158
53 86 47 3 168 158
53 87 46 3 168 158
53 87 47 3 168 158
53 88 44 3 168 158
53 88 45 3 168 158
53 88 46 3 168 158
53 89 43 3 168 158
53 89 44 3 168 158
53 90 42 3 168 158
53 90 43 3 168 158
54 63 55 3 168 158
54 64 55 3 168 158
54 65 54 3 168 158
54 65 55 3 168 158
54 66 49 3 168 158
54 66 50 3 168 158
54 66 52 3 168 158
54 66 54 3 168 158
54 67 49 3 168 158
54 67 50 3 168 158
54 68 49 3 168 158
54 68 50 3 168 158
54 69 49 3 168 158
54 69 50 3 168 158
54 70 47 3 168 158
54 70 49 3 168 158
54 71 46 3 168 158
54 71 47 3 168 158
54 72 46 3 168 158
54 73 45 3 168 158
54 73 46 3 168 158
54 74 45 3 168 158
54 74 46 3 168 158
54 75 44 3 168 158
54 75 45 3 168 158
54 76 44 3 168 158
54 76 45 3 168 158
54 77 44 3 168 158
54 80 43 3 168 158
54 81 43 3 168 158
54 81 44 3 168 158
54 81 45 3 168 158
54 81 46 3 168 158
54 82 45 3 168 158
54 82 46 3 168 158
54 82 47 3 168 158
54 83 46 3 168 158
54 83 47 3 168 158
54 84 47 3 168 158
54 85 47 3 168 158
54 86 46 3 168 158
54 86 47 3 168 158
54 87 46 3 168 158
54 87 47 3 168 158
54 88 44 3 168 158
54 88 45 3 168 158
54 88 46 3 168 158
54 89 43 3 168 158
54 89 44 3 168 158
54 90 42 3 168 158
54 90 43 3 168 158
55 64 54 3 168 158
55 64 55 3 168 158
55 65 50 3 168 158
55 65 54 3 168 158
55 65 55 3 168 158
55 66 50 3 168 158
55 66 54 3 168 158
55 67 50 3 168 158
55 68 50 3 168 158
55 69 50 3 168 158
55 70 49 3 168 158
55 70 50 3 168 158
55 71 46 3 168 158
55 72 46 3 168 158
55 73 46 3 168 158
55 74 45 3 168 158
55 74 46 3 168 158
55 75 45 3 168 158
55 76 44 3 168 158
55 76 45 3 168 158
55 77 44 3 168 158
55 77 45 3 168 158
55 78 44 3 168 158
55 79 43 3 168 158
55 79 44 3 168 158
55 80 43 3 168 158
55 80 44 3 168 158
55 81 44 3 168 158
55 81 45 3 168 158
55 82 45 3 168 158
55 82 46 3 168 158
55 83 46 3 168 158
55 83 47 3 168 158
55 84 46 3 168 158
55 84 47 3 168 158
55 85 46 3 168 158
55 85 47 3 168 158
55 86 46 3 168 158
55 86 47 3 168 158
55 87 46 3 168 158
55 88 44 3 168 158
55 88 45 3 168 158
55 88 46 3 168 158
55 89 42 3 168 158
55 89 43 3 168 158
55 89 44 3 168 158
55 90 42 3 168 158
56 64 53 3 168 158
56 64 54 3 168 158
56 65 50 3 168 158
56 65 53 3 168 158
56 65 54 3 168 158
56 66 50 3 168 158
56 66 53 3 168 158
56 66 54 3 168 158
56 67 50 3 168 158
56 68 50 3 168 158
56 68 51 3 168 158
56 69 50 3 168 158
56 69 51 3 168 158
56 70 50 3 168 158
56 70 51 3 168 158
56 71 46 3 168 158
56 71 50 3 168 158
56 72 46 3 168 158
56 73 46 3 168 158
56 74 45 3 168 158
56 74 46 3 168 158
56 75 45 3 168 158
56 76 45 3 168 158
56 77 45 3 168 158
56 78 44 3 168 158
56 78 45 3 168 158
56 79 43 3 168 158
56 79 44 3 168 158
56 79 45 3 168 158
56 80 44 3 168 158
56 81 44 3 168 158
56 81 45 3 168 158
56 82 45 3 168 158
56 83 45 3 168 158
56 83 46 3 168 158
56 84 46 3 168 158
56 85 46 3 168 158
56 86 46 3 168 158
56 87 45 3 168 158
56 87 46 3 168 158
56 88 43 3 168 158
56 88 44 3 168 158
56 88 45 3 168 158
56 89 42 3 168 158
56 89 43 3 168 158
56 90 42 3 168 158
57 63 52 3 168 158
57 63 53 3 168 158
57 64 52 3 168 158
57 64 53 3 168 158
57 65 52 3 168 158
57 65 53 3 168 158
57 66 50 3 168 158
57 66 52 3 168 158
57 67 50 3 168 158
57 68 50 3 168 158
57 68 51 3 168 158
57 69 51 3 168 158
57 70 50 3 168 158
57 70 51 3 168 158
57 71 50 3 168 158
57 71 51 3 168 158
57 75 45 3 168 158
57 76 45 3 168 158
57 77 45 3 168 158
57 78 45 3 168 158
57 79 44 3 168 158
57 79 45 3 168 158
57 80 44 3 168 158
57 81 44 3 168 158
57 81 45 3 168 158
57 82 45 3 168 158
57 83 45 3 168 158
57 83 46 3 168 158
57 84 46 3 168 158
57 85 46 3 168 158
57 86 45 3 168 158
57 86 46 3 168 158
57 87 44 3 168 158
57 87 45 3 168 158
57 87 46 3 168 158
57 88 42 3 168 158
57 88 43 3 168 158
57 88 44 3 168 158
57 88 45 3 168 158
57 89 41 3 168 158
57 89 42 3 168 158
57 90 41 3 168 158
58 63 52 3 168 158
58 64 52 3 168 158
58 65 52 3 168 158
58 66 52 3 168 158
58 67 50 3 168 158
58 67 52 3 168 158
58 68 50 3 168 158
58 68 51 3 168 158
58 68 52 3 168 158
58 69 51 3 168 158
58 70 51 3 168 158
58 71 51 3 168 158
58 72 51 3 168 158
58 76 49 3 168 158
58 77 48 3 168 158
58 77 49 3 168 158
58 78 48 3 168 158
58 79 48 3 168 158
58 80 45 3 168 158
58 80 48 3 168 158
58 81 45 3 168 158
58 81 48 3 168 158
58 82 45 3 168 158
58 83 45 3 168 158
58 83 46 3 168 158
58 84 45 3 168 158
58 84 46 3 168 158
58 85 45 3 168 158
58 85 46 3 168 158
58 86 44 3 168 158
58 86 45 3 168 158
58 87 43 3 168 158
58 87 44 3 168 158
58 87 45 3 168 158
58 88 41 3 168 158
58 88 42 3 168 158
58 88 43 3 168 158
58 88 44 3 168 158
58 89 41 3 168 158
58 89 42 3 168 158
58 90 41 3 168 158
59 63 48 3 168 158
59 63 52 3 168 158
59 64 52 3 168 158
59 65 52 3 168 158
59 66 52 3 168 158
59 67 52 3 168 158
59 68 52 3 168 158
59 69 51 3 168 158
59 69 52 3 168 158
59 70 51 3 168 158
59 70 52 3 168 158
59 71 51 3 168 158
59 71 52 3 168 158
59 72 51 3 168 158
59 73 51 3 168 158
59 74 51 3 168 158
59 75 51 3 168 158
59 76 49 3 168 158
59 77 48 3 168 158
59 77 49 3 168 158
59 78 48 3 168 158
59 78 49 3 168 158
59 79 48 3 168 158
59 79 49 3 168 158
59 80 45 3 168 158
59 80 48 3 168 158
59 81 45 3 168 158
59 81 48 3 168 158
59 82 45 3 168 158
59 83 45 3 168 158
59 84 45 3 168 158
59 85 44 3 168 158
59 85 45 3 168 158
59 86 43 3 168 158
59 86 44 3 168 158
59 86 45 3 168 158
59 87 41 3 168 158
59 87 42 3 168 158
59 87 43 3 168 158
59 87 44 3 168 158
59 88 40 3 168 158
59 88 41 3 168 158
59 88 42 3 168 158
59 88 43 3 168 158
59 89 40 3 168 158
59 89 41 3 168 158
60 63 48 3 168 158
60 63 52 3 168 158
60 64 50 3 168 158
60 64 52 3 168 158
60 65 50 3 168 158
60 65 51 3 168 158
60 65 52 3 168 158
60 66 50 3 168 158
60 66 51 3 168 158
60 66 52 3 168 158
60 67 51 3 168 158
60 67 52 3 168 158
60 68 52 3 168 158
60 68 53 3 168 158
60 69 52 3 168 158
60 69 53 3 168 158
60 70 52 3 168 158
60 70 53 3 168 158
60 71 52 3 168 158
60 71 53 3 168 158
60 72 51 3 168 158
60 72 52 3 168 158
60 73 51 3 168 158
60 73 52 3 168 158
60 74 51 3 168 158
60 75 51 3 168 158
60 76 49 3 168 158
60 76 50 3 168 158
60 76 51 3 168 158
60 77 49 3 168 158
60 77 50 3 168 158
60 78 44 3 168 158
60 78 45 3 168 158
60 78 48 3 168 158
60 78 49 3 168 158
60 79 44 3 168 158
60 79 45 3 168 158
60 79 48 3 168 158
60 79 49 3 168 158
60 80 44 3 168 158
60 80 45 3 168 158
60 80 48 3 168 158
60 81 44 3 168 158
60 81 45 3 168 158
60 82 44 3 168 158
60 82 45 3 168 158
60 83 44 3 168 158
60 83 45 3 168 158
60 84 44 3 168 158
60 84 45 3 168 158
60 85 43 3 168 158
60 85 44 3 168 158
60 86 41 3 168 158
60 86 42 3 168 158
60 86 43 3 168 158
60 86 44 3 168 158
60 87 40 3 168 158
60 87 41 3 168 158
60 87 42 3 168 158
60 87 43 3 168 158
60 88 40 3 168 158
60 88 41 3 168 158
60 89 40 3 168 158
61 63 49 3 168 158
61 63 52 3 168 158
61 64 49 3 168 158
61 64 50 3 168 158
61 64 52 3 168 158
61 65 50 3 168 158
61 66 50 3 168 158
61 67 49 3 168 158
61 67 50 3 168 158
61 67 51 3 168 158
61 67 52 3 168 158
61 68 49 3 168 158
61 68 51 3 168 158
61 68 52 3 168 158
61 68 53 3 168 158
61 69 52 3 168 158
61 69 53 3 168 158
61 70 53 3 168 158
61 71 53 3 168 158
61 72 52 3 168 158
61 72 53 3 168 158
61 73 52 3 168 158
61 73 53 3 168 158
61 74 52 3 168 158
61 75 51 3 168 158
61 75 52 3 168 158
61 76 42 3 168 158
61 76 43 3 168 158
61 76 49 3 168 158
61 76 50 3 168 158
61 76 51 3 168 158
61 77 43 3 168 158
61 77 44 3 168 158
61 77 49 3 168 158
61 77 50 3 168 158
61 78 43 3 168 158
61 78 44 3 168 158
61 78 49 3 168 158
61 79 44 3 168 158
61 80 44 3 168 158
61 81 44 3 168 158
61 82 43 3 168 158
61 82 44 3 168 158
61 83 43 3 168 158
61 83 44 3 168 158
61 84 42 3 168 158
61 84 43 3 168 158
61 84 44 3 168 158
61 85 40 3 168 158
61 85 41 3 168 158
61 85 42 3 168 158
61 85 43 3 168 158
61 85 44 3 168 158
61 86 40 3 168 158
61 86 41 3 168 158
61 86 42 3 168 158
61 86 43 3 168 158
61 87 40 3 168 158
61 87 41 3 168 158
61 88 40 3 168 158
62 63 49 3 168 158
62 64 49 3 168 158
62 64 50 3 168 158
62 65 50 3 168 158
62 66 50 3 168 158
62 67 49 3 168 158
62 67 50 3 168 158
62 68 48 3 168 158
62 68 49 3 168 158
62 68 51 3 168 158
62 68 52 3 168 158
62 69 48 3 168 158
62 69 51 3 168 158
62 69 52 3 168 158
62 70 51 3 168 158
62 70 52 3 168 158
62 70 53 3 168 158
62 71 52 3 168 158
62 71 53 3 168 158
62 72 52 3 168 158
62 72 53 3 168 158
62 73 52 3 168 158
62 73 53 3 168 158
62 74 51 3 168 158
62 74 52 3 168 158
62 74 53 3 168 158
62 75 41 3 168 158
62 75 42 3 168 158
62 75 50 3 168 158
62 75 51 3 168 158
62 75 52 3 168 158
62 76 41 3 168 158
62 76 42 3 168 158
62 76 49 3 168 158
62 76 50 3 168 158
62 76 51 3 168 158
62 77 41 3 168 158
62 77 42 3 168 158
62 77 43 3 168 158
62 78 41 3 168 158
62 78 42 3 168 158
62 78 43 3 168 158
62 78 44 3 168 158
62 79 41 3 168 158
62 79 42 3 168 158
62 79 43 3 168 158
62 79 44 3 168 158
62 80 42 3 168 158
62 80 43 3 168 158
62 80 44 3 168 158
62 81 41 3 168 158
62 81 42 3 168 158
62 81 43 3 168 158
62 81 44 3 168 158
62 82 40 3 168 158
62 82 41 3 168 158
62 82 42 3 168 158
62 82 43 3 168 158
62 83 40 3 168 158
62 83 41 3 168 158
62 83 42 3 168 158
62 83 43 3 168 158
62 84 40 3 168 158
62 84 42 3 168 158
62 84 43 3 168 158
62 85 39 3 168 158
62 85 40 3 168 158
62 85 42 3 168 158
62 86 40 3 168 158
62 87 40 3 168 158
63 63 49 3 168 158
63 64 49 3 168 158
63 64 50 3 168 158
63 65 50 3 168 158
63 66 50 3 168 158
63 67 50 3 168 158
63 68 49 3 168 158
63 68 50 3 168 158
63 69 48 3 168 158
63 69 49 3 168 158
63 70 51 3 168 158
63 70 52 3 168 158
63 71 51 3 168 158
63 71 52 3 168 158
63 72 51 3 168 158
63 72 52 3 168 158
63 73 51 3 168 158
63 73 52 3 168 158
63 74 51 3 168 158
63 74 52 3 168 158
63 75 50 3 168 158
63 75 51 3 168 158
63 76 41 3 168 158
63 76 42 3 168 158
63 77 41 3 168 158
63 77 42 3 168 158
63 78 41 3 168 158
63 79 40 3 168 158
63 79 41 3 168 158
63 79 42 3 168 158
63 80 40 3 168 158
63 80 41 3 168 158
63 80 42 3 168 158
63 81 40 3 168 158
63 81 41 3 168 158
63 82 40 3 168 158
63 82 41 3 168 158
63 83 39 3 168 158
63 83 40 3 168 158
63 84 39 3 168 158
63 84 40 3 168 158
63 85 39 3 168 158
64 63 48 3 168 158
64 63 49 3 168 158
64 64 49 3 168 158
64 64 50 3 168 158
64 65 50 3 168 158
64 66 50 3 168 158
64 67 50 3 168 158
64 68 49 3 168 158
64 68 50 3 168 158
64 69 48 3 168 158
64 69 49 3 168 158
64 70 48 3 168 158
64 73 43 3 168 158
64 73 44 3 168 158
64 74 43 3 168 158
64 75 42 3 168 158
64 75 43 3 168 158
64 76 42 3 168 158
64 77 41 3 168 158
64 77 42 3 168 158
64 78 41 3 168 158
64 78 42 3 168 158
64 79 41 3 168 158
64 79 42 3 168 158
64 80 41 3 168 158
64 81 40 3 168 158
64 81 41 3 168 158
64 82 40 3 168 158
64 83 40 3 168 158
64 84 40 3 168 158
65 63 48 3 168 158
65 63 49 3 168 158
65 64 48 3 168 158
65 64 49 3 168 158
65 65 49 3 168 158
65 65 50 3 168 158
65 66 50 3 168 158
65 67 50 3 168 158
65 68 49 3 168 158
65 68 50 3 168 158
65 69 49 3 168 158
65 70 47 3 168 158
65 70 48 3 168 158
65 70 49 3 168 158
65 71 48 3 168 158
65 73 44 3 168 158
65 74 43 3 168 158
65 74 44 3 168 158
65 75 43 3 168 158
65 75 44 3 168 158
65 76 43 3 168 158
65 76 44 3 168 158
65 77 42 3 168 158
65 77 43 3 168 158
65 78 42 3 168 158
65 78 43 3 168 158
65 79 42 3 168 158
65 80 41 3 168 158
65 80 42 3 168 158
65 81 40 3 168 158
65 81 41 3 168 158
65 82 40 3 168 158
65 83 40 3 168 158
65 84 40 3 168 158
65 85 40 3 168 158
65 85 41 3 168 158
65 86 40 3 168 158
65 86 41 3 168 158
65 87 40 3 168 158
65 87 41 3 168 158
66 63 48 3 168 158
66 64 47 3 168 158
66 64 48 3 168 158
66 64 49 3 168 158
66 65 49 3 168 158
66 65 50 3 168 158
66 66 49 3 168 158
66 66 50 3 168 158
66 67 49 3 168 158
66 67 50 3 168 158
66 68 49 3 168 158
66 69 49 3 168 158
66 70 48 3 168 158
66 70 49 3 168 158
66 71 47 3 168 158
66 71 48 3 168 158
66 72 46 3 168 158
66 72 47 3 168 158
66 73 45 3 168 158
66 73 46 3 168 158
66 73 47 3 168 158
66 74 45 3 168 158
66 74 46 3 168 158
66 75 44 3 168 158
66 75 45 3 168 158
66 76 43 3 168 158
66 76 44 3 168 158
66 77 43 3 168 158
66 77 44 3 168 158
66 78 42 3 168 158
66 78 43 3 168 158
66 79 41 3 168 158
66 79 42 3 168 158
66 80 40 3 168 158
66 80 41 3 168 158
66 81 39 3 168 158
66 81 40 3 168 158
66 82 39 3 168 158
66 82 40 3 168 158
66 83 40 3 168 158
66 84 40 3 168 158
66 84 41 3 168 158
66 85 40 3 168 158
66 85 41 3 168 158
66 86 40 3 168 158
66 86 41 3 168 158
66 87 40 3 168 158
67 64 47 3 168 158
67 64 48 3 168 158
67 65 48 3 168 158
67 65 49 3 168 158
67 66 49 3 168 158
67 67 49 3 168 158
67 68 49 3 168 158
67 69 48 3 168 158
67 69 49 3 168 158
67 70 48 3 168 158
67 70 49 3 168 158
67 71 47 3 168 158
67 71 48 3 168 158
67 72 47 3 168 158
67 73 46 3 168 158
67 73 47 3 168 158
67 74 45 3 168 158
67 74 46 3 168 158
67 75 45 3 168 158
67 76 44 3 168 158
67 77 42 3 168 158
67 77 43 3 168 158
67 77 44 3 168 158
67 78 41 3 168 158
67 78 42 3 168 158
67 78 43 3 168 158
67 79 41 3 168 158
67 79 42 3 168 158
67 81 39 3 168 158
67 82 39 3 168 158
67 82 40 3 168 158
67 83 39 3 168 158
67 83 40 3 168 158
67 84 40 3 168 158
67 85 40 3 168 158
67 86 40 3 168 158
67 87 40 3 168 158
68 65 47 3 168 158
68 65 48 3 168 158
68 66 47 3 168 158
68 66 48 3 168 158
68 66 49 3 168 158
68 67 48 3 168 158
68 67 49 3 168 158
68 68 48 3 168 158
68 68 49 3 168 158
68 69 48 3 168 158
68 70 47 3 168 158
68 70 48 3 168 158
68 71 47 3 168 158
68 71 48 3 168 158
68 72 47 3 168 158
68 73 46 3 168 158
68 73 47 3 168 158
68 74 45 3 168 158
68 74 46 3 168 158
68 75 44 3 168 158
68 75 45 3 168 158
68 76 43 3 168 158
68 76 44 3 168 158
68 77 42 3 168 158
68 77 43 3 168 158
68 78 42 3 168 158
68 81 39 3 168 158
68 82 39 3 168 158
68 83 39 3 168 158
68 83 40 3 168 158
68 84 39 3 168 158
68 84 40 3 168 158
68 85 40 3 168 158
68 86 40 3 168 158
68 87 40 3 168 158
69 66 47 3 168 158
69 66 48 3 168 158
69 67 47 3 168 158
69 67 48 3 168 158
69 68 47 3 168 158
69 68 48 3 168 158
69 69 47 3 168 158
69 69 48 3 168 158
69 70 47 3 168 158
69 70 48 3 168 158
69 71 46 3 168 158
69 71 47 3 168 158
69 72 45 3 168 158
69 72 46 3 168 158
69 72 47 3 168 158
69 73 45 3 168 158
69 73 46 3 168 158
69 74 44 3 168 158
69 74 45 3 168 158
69 74 46 3 168 158
69 75 43 3 168 158
69 75 44 3 168 158
69 75 45 3 168 158
69 76 42 3 168 158
69 76 43 3 168 158
69 76 44 3 168 158
69 82 38 3 168 158
69 82 39 3 168 158
69 83 38 3 168 158
69 83 39 3 168 158
69 84 39 3 168 158
69 84 40 3 168 158
69 85 39 3 168 158
69 85 40 3 168 158
69 86 40 3 168 158
69 87 40 3 168 158
70 68 46 3 168 158
70 68 47 3 168 158
70 69 46 3 168 158
70 69 47 3 168 158
70 70 45 3 168 158
70 70 46 3 168 158
70 70 47 3 168 158
70 71 45 3 168 158
70 71 46 3 168 158
70 72 44 3 168 158
70 72 45 3 168 158
70 72 46 3 168 158
70 73 44 3 168 158
70 73 45 3 168 158
70 74 44 3 168 158
70 82 38 3 168 158
70 82 39 3 168 158
70 83 38 3 168 158
70 83 39 3 168 158
70 84 38 3 168 158
70 84 39 3 168 158
70 85 39 3 168 158
70 85 40 3 168 158
70 86 39 3 168 158
70 86 40 3 168 158
70 87 39 3 168 158
70 87 40 3 168 158
71 83 38 3 168 158
71 84 38 3 168 158
71 86 39 3 168 158
71 87 39 3 168 158