916
41 91 35 3 168 158
42 90 36 3 168 158
42 91 35 3 168 158
42 91 36 3 168 158
42 92 35 3 168 158
43 90 36 3 168 158
43 90 37 3 168 158
43 91 37 3 168 158
43 91 38 3 168 158
44 90 37 3 168 158
44 90 38 3 168 158
44 91 38 3 168 158
44 91 39 3 168 158
44 92 38 3 168 158
44 93 37 3 168 158
45 70 62 3 168 158
45 71 62 3 168 158
45 72 62 3 168 158
45 73 62 3 168 158
45 74 62 3 168 158
45 88 40 3 168 158
45 89 40 3 168 158
45 90 39 3 168 158
45 91 38 3 168 158
45 91 39 3 168 158
45 91 40 3 168 158
45 92 38 3 168 158
45 92 39 3 168 158
45 92 40 3 168 158
45 93 39 3 168 158
46 63 60 3 168 158
46 63 61 3 168 158
46 64 60 3 168 158
46 70 62 3 168 158
46 71 62 3 168 158
46 71 63 3 168 158
46 72 62 3 168 158
46 72 63 3 168 158
46 73 62 3 168 158
46 73 63 3 168 158
46 74 62 3 168 158
46 74 63 3 168 158
46 75 62 3 168 158
46 76 61 3 168 158
46 76 62 3 168 158
46 88 40 3 168 158
46 88 41 3 168 158
46 89 40 3 168 158
46 89 41 3 168 158
46 90 40 3 168 158
46 90 41 3 168 158
46 91 40 3 168 158
46 91 41 3 168 158
46 92 40 3 168 158
46 92 41 3 168 158
46 93 40 3 168 158
46 93 41 3 168 158
46 94 40 3 168 158
46 94 41 3 168 158
46 95 41 3 168 158
46 95 42 3 168 158
47 71 63 3 168 158
47 72 63 3 168 158
47 73 63 3 168 158
47 74 62 3 168 158
47 74 63 3 168 158
47 75 62 3 168 158
47 75 63 3 168 158
47 76 61 3 168 158
47 76 62 3 168 158
47 89 42 3 168 158
47 89 43 3 168 158
47 90 41 3 168 158
47 90 42 3 168 158
47 91 41 3 168 158
47 91 42 3 168 158
47 92 41 3 168 158
47 92 42 3 168 158
47 93 40 3 168 158
47 93 41 3 168 158
47 94 40 3 168 158
47 94 41 3 168 158
47 95 41 3 168 158
47 95 42 3 168 158
47 96 42 3 168 158
48 72 63 3 168 158
48 73 63 3 168 158
48 74 63 3 168 158
48 75 62 3 168 158
48 75 63 3 168 158
48 76 61 3 168 158
48 76 62 3 168 158
48 77 61 3 168 158
48 88 43 3 168 158
48 89 43 3 168 158
48 89 44 3 168 158
48 90 43 3 168 158
48 90 44 3 168 158
48 91 42 3 168 158
48 91 43 3 168 158
48 92 42 3 168 158
48 92 43 3 168 158
48 93 42 3 168 158
48 93 43 3 168 158
48 93 44 3 168 158
48 94 41 3 168 158
48 94 42 3 168 158
48 95 42 3 168 158
48 96 42 3 168 158
49 64 66 3 168 158
49 64 67 3 168 158
49 65 67 3 168 158
49 65 68 3 168 158
49 66 67 3 168 158
49 66 68 3 168 158
49 67 68 3 168 158
49 67 69 3 168 158
49 68 69 3 168 158
49 69 69 3 168 158
49 74 63 3 168 158
49 75 62 3 168 158
49 75 63 3 168 158
49 76 61 3 168 158
49 76 62 3 168 158
49 77 61 3 168 158
49 78 60 3 168 158
49 78 61 3 168 158
49 79 60 3 168 158
49 89 44 3 168 158
49 89 45 3 168 158
49 90 44 3 168 158
49 90 45 3 168 158
49 91 44 3 168 158
49 91 45 3 168 158
49 92 43 3 168 158
49 92 44 3 168 158
49 92 45 3 168 158
49 93 40 3 168 158
49 93 41 3 168 158
49 93 43 3 168 158
49 93 44 3 168 158
49 94 39 3 168 158
49 94 40 3 168 158
49 95 42 3 168 158
49 96 42 3 168 158
50 63 66 3 168 158
50 64 66 3 168 158
50 64 67 3 168 158
50 64 68 3 168 158
50 65 68 3 168 158
50 66 68 3 168 158
50 66 69 3 168 158
50 67 69 3 168 158
50 67 70 3 168 158
50 68 69 3 168 158
50 68 70 3 168 158
50 69 69 3 168 158
50 69 70 3 168 158
50 70 69 3 168 158
50 70 70 3 168 158
50 71 69 3 168 158
50 71 70 3 168 158
50 72 69 3 168 158
50 76 61 3 168 158
50 77 60 3 168 158
50 77 61 3 168 158
50 78 60 3 168 158
50 78 61 3 168 158
50 79 60 3 168 158
50 80 60 3 168 158
50 89 45 3 168 158
50 89 46 3 168 158
50 90 46 3 168 158
50 91 44 3 168 158
50 91 45 3 168 158
50 91 46 3 168 158
50 92 44 3 168 158
50 92 45 3 168 158
50 92 46 3 168 158
50 93 40 3 168 158
50 93 41 3 168 158
50 93 45 3 168 158
50 93 46 3 168 158
50 94 40 3 168 158
50 95 40 3 168 158
50 96 40 3 168 158
50 97 39 3 168 158
50 97 40 3 168 158
51 63 66 3 168 158
51 64 66 3 168 158
51 64 67 3 168 158
51 64 68 3 168 158
51 65 68 3 168 158
51 65 69 3 168 158
51 66 69 3 168 158
51 67 69 3 168 158
51 67 70 3 168 158
51 68 70 3 168 158
51 69 70 3 168 158
51 70 70 3 168 158
51 71 70 3 168 158
51 72 69 3 168 158
51 72 70 3 168 158
51 73 69 3 168 158
51 73 70 3 168 158
51 78 59 3 168 158
51 78 60 3 168 158
51 79 59 3 168 158
51 79 60 3 168 158
51 80 59 3 168 158
51 80 60 3 168 158
51 81 59 3 168 158
51 89 42 3 168 158
51 89 43 3 168 158
51 90 42 3 168 158
51 90 46 3 168 158
51 90 47 3 168 158
51 91 42 3 168 158
51 91 44 3 168 158
51 91 46 3 168 158
51 91 47 3 168 158
51 92 41 3 168 158
51 92 42 3 168 158
51 92 44 3 168 158
51 92 45 3 168 158
51 92 46 3 168 158
51 93 40 3 168 158
51 93 41 3 168 158
51 93 46 3 168 158
51 94 40 3 168 158
51 94 41 3 168 158
51 95 40 3 168 158
51 95 41 3 168 158
51 96 40 3 168 158
51 96 41 3 168 158
51 97 40 3 168 158
51 98 40 3 168 158
52 63 66 3 168 158
52 64 66 3 168 158
52 64 67 3 168 158
52 64 68 3 168 158
52 65 68 3 168 158
52 65 69 3 168 158
52 66 68 3 168 158
52 66 69 3 168 158
52 67 69 3 168 158
52 67 70 3 168 158
52 68 70 3 168 158
52 69 70 3 168 158
52 70 70 3 168 158
52 71 70 3 168 158
52 72 70 3 168 158
52 73 69 3 168 158
52 73 70 3 168 158
52 74 69 3 168 158
52 74 70 3 168 158
52 75 69 3 168 158
52 88 43 3 168 158
52 89 42 3 168 158
52 89 43 3 168 158
52 90 42 3 168 158
52 91 42 3 168 158
52 92 40 3 168 158
52 92 41 3 168 158
52 92 42 3 168 158
52 93 39 3 168 158
52 93 40 3 168 158
52 93 41 3 168 158
52 94 41 3 168 158
52 94 42 3 168 158
52 95 42 3 168 158
52 95 43 3 168 158
52 96 42 3 168 158
52 96 43 3 168 158
52 97 40 3 168 158
52 98 40 3 168 158
52 99 40 3 168 158
53 63 65 3 168 158
53 63 66 3 168 158
53 64 66 3 168 158
53 64 67 3 168 158
53 65 67 3 168 158
53 65 68 3 168 158
53 66 68 3 168 158
53 66 69 3 168 158
53 67 69 3 168 158
53 67 70 3 168 158
53 68 69 3 168 158
53 68 70 3 168 158
53 69 70 3 168 158
53 70 70 3 168 158
53 71 70 3 168 158
53 72 70 3 168 158
53 73 70 3 168 158
53 74 70 3 168 158
53 75 69 3 168 158
53 75 70 3 168 158
53 76 69 3 168 158
53 88 43 3 168 158
53 89 43 3 168 158
53 90 41 3 168 158
53 90 42 3 168 158
53 90 43 3 168 158
53 91 40 3 168 158
53 91 41 3 168 158
53 91 42 3 168 158
53 92 39 3 168 158
53 92 40 3 168 158
53 92 41 3 168 158
53 92 42 3 168 158
53 93 37 3 168 158
53 93 38 3 168 158
53 93 39 3 168 158
53 93 40 3 168 158
53 94 37 3 168 158
53 94 41 3 168 158
53 94 42 3 168 158
53 95 42 3 168 158
53 95 43 3 168 158
53 95 44 3 168 158
53 96 43 3 168 158
53 96 44 3 168 158
54 63 64 3 168 158
54 63 65 3 168 158
54 63 66 3 168 158
54 64 66 3 168 158
54 64 67 3 168 158
54 65 67 3 168 158
54 65 68 3 168 158
54 66 68 3 168 158
54 66 69 3 168 158
54 67 68 3 168 158
54 67 69 3 168 158
54 68 69 3 168 158
54 68 70 3 168 158
54 69 69 3 168 158
54 69 70 3 168 158
54 70 70 3 168 158
54 71 70 3 168 158
54 72 70 3 168 158
54 73 70 3 168 158
54 74 70 3 168 158
54 75 69 3 168 158
54 75 70 3 168 158
54 76 69 3 168 158
54 76 70 3 168 158
54 77 68 3 168 158
54 77 69 3 168 158
54 80 62 3 168 158
54 81 62 3 168 158
54 87 58 3 168 158
54 87 59 3 168 158
54 88 41 3 168 158
54 88 43 3 168 158
54 88 57 3 168 158
54 88 58 3 168 158
54 89 40 3 168 158
54 89 41 3 168 158
54 89 43 3 168 158
54 90 40 3 168 158
54 90 41 3 168 158
54 90 43 3 168 158
54 91 40 3 168 158
54 91 41 3 168 158
54 92 39 3 168 158
54 92 40 3 168 158
54 93 37 3 168 158
54 93 39 3 168 158
54 94 37 3 168 158
54 95 37 3 168 158
54 95 43 3 168 158
54 95 44 3 168 158
54 96 44 3 168 158
54 96 45 3 168 158
54 97 45 3 168 158
55 63 66 3 168 158
55 64 66 3 168 158
55 64 67 3 168 158
55 65 67 3 168 158
55 66 67 3 168 158
55 66 68 3 168 158
55 67 67 3 168 158
55 67 68 3 168 158
55 67 69 3 168 158
55 68 68 3 168 158
55 68 69 3 168 158
55 69 68 3 168 158
55 69 69 3 168 158
55 70 69 3 168 158
55 70 70 3 168 158
55 71 69 3 168 158
55 71 70 3 168 158
55 72 70 3 168 158
55 73 70 3 168 158
55 74 70 3 168 158
55 75 70 3 168 158
55 76 69 3 168 158
55 76 70 3 168 158
55 77 68 3 168 158
55 77 69 3 168 158
55 78 67 3 168 158
55 78 68 3 168 158
55 79 67 3 168 158
55 86 60 3 168 158
55 86 61 3 168 158
55 87 59 3 168 158
55 87 60 3 168 158
55 87 61 3 168 158
55 88 58 3 168 158
55 88 59 3 168 158
55 89 40 3 168 158
55 89 57 3 168 158
55 90 40 3 168 158
55 91 40 3 168 158
55 92 39 3 168 158
55 92 40 3 168 158
55 93 39 3 168 158
55 93 40 3 168 158
55 94 37 3 168 158
55 95 37 3 168 158
55 95 44 3 168 158
55 96 37 3 168 158
55 96 44 3 168 158
55 96 45 3 168 158
55 97 45 3 168 158
55 97 46 3 168 158
56 63 66 3 168 158
56 63 67 3 168 158
56 64 67 3 168 158
56 65 67 3 168 158
56 66 66 3 168 158
56 66 67 3 168 158
56 67 61 3 168 158
56 67 66 3 168 158
56 67 67 3 168 158
56 67 68 3 168 158
56 68 60 3 168 158
56 68 61 3 168 158
56 68 62 3 168 158
56 68 65 3 168 158
56 68 66 3 168 158
56 68 68 3 168 158
56 69 60 3 168 158
56 69 61 3 168 158
56 69 68 3 168 158
56 70 59 3 168 158
56 70 60 3 168 158
56 70 68 3 168 158
56 70 69 3 168 158
56 71 60 3 168 158
56 71 68 3 168 158
56 71 69 3 168 158
56 72 60 3 168 158
56 72 68 3 168 158
56 72 69 3 168 158
56 72 70 3 168 158
56 73 69 3 168 158
56 73 70 3 168 158
56 74 69 3 168 158
56 74 70 3 168 158
56 75 69 3 168 158
56 75 70 3 168 158
56 76 69 3 168 158
56 77 69 3 168 158
56 78 68 3 168 158
56 78 69 3 168 158
56 79 67 3 168 158
56 79 68 3 168 158
56 80 66 3 168 158
56 80 67 3 168 158
56 85 62 3 168 158
56 86 61 3 168 158
56 86 62 3 168 158
56 87 59 3 168 158
56 87 60 3 168 158
56 87 61 3 168 158
56 88 58 3 168 158
56 88 59 3 168 158
56 88 60 3 168 158
56 89 57 3 168 158
56 90 40 3 168 158
56 90 41 3 168 158
56 90 55 3 168 158
56 91 40 3 168 158
56 91 41 3 168 158
56 92 40 3 168 158
56 93 40 3 168 158
56 96 45 3 168 158
56 97 45 3 168 158
56 97 46 3 168 158
56 98 46 3 168 158
56 98 47 3 168 158
57 63 66 3 168 158
57 63 67 3 168 158
57 64 66 3 168 158
57 64 67 3 168 158
57 65 65 3 168 158
57 65 66 3 168 158
57 65 67 3 168 158
57 66 63 3 168 158
57 66 64 3 168 158
57 66 65 3 168 158
57 66 66 3 168 158
57 66 67 3 168 158
57 67 62 3 168 158
57 67 63 3 168 158
57 67 65 3 168 158
57 67 66 3 168 158
57 68 60 3 168 158
57 68 61 3 168 158
57 68 65 3 168 158
57 69 59 3 168 158
57 69 60 3 168 158
57 70 59 3 168 158
57 70 60 3 168 158
57 71 59 3 168 158
57 71 60 3 168 158
57 72 59 3 168 158
57 72 60 3 168 158
57 72 61 3 168 158
57 72 68 3 168 158
57 73 60 3 168 158
57 73 61 3 168 158
57 73 68 3 168 158
57 73 69 3 168 158
57 74 61 3 168 158
57 74 68 3 168 158
57 74 69 3 168 158
57 75 68 3 168 158
57 75 69 3 168 158
57 76 68 3 168 158
57 76 69 3 168 158
57 77 68 3 168 158
57 77 69 3 168 158
57 78 68 3 168 158
57 78 69 3 168 158
57 79 67 3 168 158
57 79 68 3 168 158
57 80 66 3 168 158
57 80 67 3 168 158
57 81 67 3 168 158
57 85 62 3 168 158
57 86 61 3 168 158
57 86 62 3 168 158
57 87 60 3 168 158
57 87 61 3 168 158
57 87 68 3 168 158
57 87 69 3 168 158
57 88 59 3 168 158
57 88 60 3 168 158
57 88 68 3 168 158
57 89 57 3 168 158
57 89 58 3 168 158
57 89 59 3 168 158
57 90 41 3 168 158
57 90 55 3 168 158
57 90 57 3 168 158
57 90 58 3 168 158
57 91 41 3 168 158
57 92 40 3 168 158
57 92 41 3 168 158
57 93 40 3 168 158
57 93 41 3 168 158
57 97 46 3 168 158
57 98 46 3 168 158
57 98 47 3 168 158
58 63 65 3 168 158
58 63 66 3 168 158
58 64 64 3 168 158
58 64 65 3 168 158
58 64 66 3 168 158
58 65 64 3 168 158
58 65 65 3 168 158
58 65 66 3 168 158
58 66 63 3 168 158
58 66 64 3 168 158
58 66 65 3 168 158
58 67 62 3 168 158
58 67 63 3 168 158
58 68 60 3 168 158
58 68 61 3 168 158
58 68 62 3 168 158
58 69 60 3 168 158
58 70 59 3 168 158
58 70 60 3 168 158
58 71 59 3 168 158
58 72 59 3 168 158
58 72 60 3 168 158
58 73 60 3 168 158
58 73 61 3 168 158
58 74 60 3 168 158
58 74 61 3 168 158
58 74 68 3 168 158
58 75 61 3 168 158
58 75 62 3 168 158
58 75 67 3 168 158
58 75 68 3 168 158
58 76 62 3 168 158
58 76 67 3 168 158
58 76 68 3 168 158
58 77 63 3 168 158
58 77 67 3 168 158
58 77 68 3 168 158
58 78 67 3 168 158
58 78 68 3 168 158
58 79 67 3 168 158
58 79 68 3 168 158
58 80 67 3 168 158
58 81 67 3 168 158
58 81 69 3 168 158
58 82 69 3 168 158
58 83 71 3 168 158
58 84 71 3 168 158
58 84 72 3 168 158
58 85 70 3 168 158
58 85 71 3 168 158
58 86 71 3 168 158
58 86 72 3 168 158
58 87 62 3 168 158
58 87 68 3 168 158
58 87 69 3 168 158
58 87 71 3 168 158
58 87 72 3 168 158
58 88 58 3 168 158
58 88 59 3 168 158
58 88 60 3 168 158
58 88 61 3 168 158
58 88 62 3 168 158
58 88 68 3 168 158
58 89 57 3 168 158
58 89 58 3 168 158
58 89 59 3 168 158
58 89 60 3 168 158
58 89 61 3 168 158
58 90 41 3 168 158
58 90 57 3 168 158
58 91 41 3 168 158
58 93 41 3 168 158
59 63 63 3 168 158
59 63 64 3 168 158
59 63 65 3 168 158
59 64 63 3 168 158
59 64 64 3 168 158
59 64 65 3 168 158
59 65 62 3 168 158
59 65 63 3 168 158
59 65 64 3 168 158
59 66 61 3 168 158
59 66 62 3 168 158
59 66 63 3 168 158
59 66 64 3 168 158
59 67 61 3 168 158
59 67 62 3 168 158
59 68 60 3 168 158
59 68 61 3 168 158
59 69 60 3 168 158
59 70 59 3 168 158
59 70 60 3 168 158
59 71 58 3 168 158
59 71 59 3 168 158
59 72 58 3 168 158
59 72 59 3 168 158
59 73 59 3 168 158
59 73 60 3 168 158
59 74 60 3 168 158
59 74 61 3 168 158
59 75 60 3 168 158
59 75 61 3 168 158
59 75 62 3 168 158
59 76 61 3 168 158
59 76 62 3 168 158
59 77 62 3 168 158
59 77 63 3 168 158
59 77 66 3 168 158
59 77 67 3 168 158
59 78 62 3 168 158
59 78 63 3 168 158
59 78 66 3 168 158
59 78 67 3 168 158
59 79 63 3 168 158
59 79 66 3 168 158
59 79 67 3 168 158
59 80 66 3 168 158
59 80 67 3 168 158
59 81 67 3 168 158
59 81 68 3 168 158
59 81 69 3 168 158
59 82 68 3 168 158
59 82 69 3 168 158
59 82 70 3 168 158
59 82 71 3 168 158
59 83 70 3 168 158
59 83 71 3 168 158
59 83 72 3 168 158
59 84 70 3 168 158
59 84 71 3 168 158
59 84 72 3 168 158
59 85 61 3 168 158
59 85 62 3 168 158
59 85 69 3 168 158
59 85 70 3 168 158
59 85 71 3 168 158
59 86 60 3 168 158
59 86 61 3 168 158
59 86 62 3 168 158
59 86 70 3 168 158
59 86 71 3 168 158
59 87 57 3 168 158
59 87 58 3 168 158
59 87 59 3 168 158
59 87 60 3 168 158
59 87 61 3 168 158
59 87 62 3 168 158
59 87 71 3 168 158
59 88 56 3 168 158
59 88 57 3 168 158
59 88 58 3 168 158
59 88 59 3 168 158
59 88 61 3 168 158
59 89 57 3 168 158
60 63 62 3 168 158
60 63 63 3 168 158
60 64 61 3 168 158
60 64 62 3 168 158
60 64 63 3 168 158
60 65 61 3 168 158
60 65 62 3 168 158
60 65 63 3 168 158
60 66 60 3 168 158
60 66 61 3 168 158
60 66 62 3 168 158
60 67 58 3 168 158
60 67 59 3 168 158
60 67 60 3 168 158
60 67 61 3 168 158
60 68 58 3 168 158
60 68 59 3 168 158
60 68 60 3 168 158
60 68 61 3 168 158
60 69 59 3 168 158
60 69 60 3 168 158
60 70 58 3 168 158
60 70 59 3 168 158
60 71 57 3 168 158
60 71 58 3 168 158
60 71 59 3 168 158
60 72 56 3 168 158
60 72 57 3 168 158
60 72 58 3 168 158
60 72 59 3 168 158
60 73 57 3 168 158
60 73 58 3 168 158
60 73 59 3 168 158
60 74 58 3 168 158
60 74 59 3 168 158
60 74 60 3 168 158
60 75 59 3 168 158
60 75 60 3 168 158
60 75 61 3 168 158
60 76 60 3 168 158
60 76 61 3 168 158
60 76 62 3 168 158
60 77 61 3 168 158
60 77 62 3 168 158
60 78 61 3 168 158
60 78 62 3 168 158
60 79 62 3 168 158
60 79 63 3 168 158
60 80 62 3 168 158
60 80 63 3 168 158
60 80 66 3 168 158
60 81 62 3 168 158
60 81 63 3 168 158
60 81 66 3 168 158
60 81 67 3 168 158
60 81 68 3 168 158
60 82 62 3 168 158
60 82 66 3 168 158
60 82 67 3 168 158
60 82 68 3 168 158
60 82 69 3 168 158
60 82 70 3 168 158
60 83 61 3 168 158
60 83 62 3 168 158
60 83 67 3 168 158
60 83 68 3 168 158
60 83 69 3 168 158
60 83 70 3 168 158
60 83 71 3 168 158
60 84 60 3 168 158
60 84 61 3 168 158
60 84 62 3 168 158
60 84 68 3 168 158
60 84 69 3 168 158
60 84 70 3 168 158
60 84 71 3 168 158
60 85 60 3 168 158
60 85 61 3 168 158
60 85 62 3 168 158
60 85 69 3 168 158
60 85 70 3 168 158
60 86 58 3 168 158
60 86 59 3 168 158
60 86 60 3 168 158
60 86 61 3 168 158
60 87 57 3 168 158
60 87 58 3 168 158
60 87 59 3 168 158
60 87 60 3 168 158
60 88 57 3 168 158
61 64 61 3 168 158
61 65 57 3 168 158
61 65 59 3 168 158
61 65 60 3 168 158
61 65 61 3 168 158
61 66 58 3 168 158
61 66 59 3 168 158
61 66 60 3 168 158
61 66 61 3 168 158
61 67 58 3 168 158
61 67 59 3 168 158
61 67 60 3 168 158
61 68 54 3 168 158
61 68 55 3 168 158
61 68 56 3 168 158
61 68 57 3 168 158
61 68 58 3 168 158
61 69 53 3 168 158
61 69 54 3 168 158
61 69 57 3 168 158
61 69 58 3 168 158
61 69 59 3 168 158
61 70 57 3 168 158
61 70 58 3 168 158
61 71 57 3 168 158
61 71 58 3 168 158
61 72 56 3 168 158
61 72 57 3 168 158
61 73 56 3 168 158
61 73 57 3 168 158
61 73 58 3 168 158
61 74 57 3 168 158
61 74 58 3 168 158
61 74 59 3 168 158
61 75 57 3 168 158
61 75 58 3 168 158
61 75 59 3 168 158
61 76 59 3 168 158
61 76 60 3 168 158
61 76 61 3 168 158
61 77 59 3 168 158
61 77 60 3 168 158
61 77 61 3 168 158
61 78 59 3 168 158
61 78 60 3 168 158
61 78 61 3 168 158
61 78 62 3 168 158
61 79 60 3 168 158
61 79 61 3 168 158
61 79 62 3 168 158
61 80 60 3 168 158
61 80 61 3 168 158
61 80 62 3 168 158
61 81 60 3 168 158
61 81 61 3 168 158
61 81 62 3 168 158
61 82 60 3 168 158
61 82 61 3 168 158
61 82 62 3 168 158
61 83 59 3 168 158
61 83 60 3 168 158
61 83 61 3 168 158
61 83 62 3 168 158
61 84 58 3 168 158
61 84 59 3 168 158
61 84 60 3 168 158
61 84 61 3 168 158
61 85 58 3 168 158
61 85 59 3 168 158
61 85 60 3 168 158
61 86 58 3 168 158
61 86 59 3 168 158
62 64 56 3 168 158
62 65 56 3 168 158
62 65 57 3 168 158
62 65 58 3 168 158
62 66 55 3 168 158
62 66 57 3 168 158
62 66 58 3 168 158
62 67 54 3 168 158
62 67 55 3 168 158
62 67 57 3 168 158
62 67 58 3 168 158
62 68 53 3 168 158
62 68 54 3 168 158
62 68 57 3 168 158
62 68 58 3 168 158
62 69 53 3 168 158
62 69 54 3 168 158
63 64 55 3 168 158
63 64 56 3 168 158
63 65 56 3 168 158
63 65 57 3 168 158
63 66 53 3 168 158
63 66 54 3 168 158
63 66 55 3 168 158
63 66 56 3 168 158
63 66 57 3 168 158
63 67 53 3 168 158
63 67 54 3 168 158
64 63 54 3 168 158
64 64 54 3 168 158
64 64 55 3 168 158
64 65 55 3 168 158
64 65 56 3 168 158
64 66 55 3 168 158
