37936
24 64 62 61 163 158
24 64 63 61 163 160
24 65 61 61 165 155
24 65 62 61 165 158
24 65 63 61 165 160
24 66 61 61 168 155
24 66 62 61 168 158
24 66 63 61 168 160
24 67 61 61 170 155
24 67 62 61 170 158
24 67 63 61 170 160
24 68 61 61 173 155
24 68 62 61 173 158
24 68 63 61 173 160
24 69 61 61 175 155
24 69 62 61 175 158
25 62 62 63 158 158
25 63 62 63 160 158
25 63 63 63 160 160
25 64 62 63 163 158
25 64 63 63 163 160
25 64 64 63 163 163
25 65 63 63 165 160
25 65 64 63 165 163
25 66 63 63 168 160
25 66 64 63 168 163
25 67 63 63 170 160
25 67 64 63 170 163
25 68 62 63 173 158
25 68 63 63 173 160
25 68 64 63 173 163
25 69 60 63 175 153
25 69 61 63 175 155
25 69 62 63 175 158
25 69 63 63 175 160
25 70 60 63 178 153
25 70 61 63 178 155
25 70 62 63 178 158
26 61 61 66 155 155
26 62 61 66 158 155
26 62 62 66 158 158
26 62 63 66 158 160
26 63 62 66 160 158
26 63 63 66 160 160
26 63 64 66 160 163
26 64 63 66 163 160
26 64 64 66 163 163
26 65 64 66 165 163
26 65 65 66 165 165
26 66 64 66 168 163
26 66 65 66 168 165
26 67 64 66 170 163
26 67 65 66 170 165
26 68 63 66 173 160
26 68 64 66 173 163
26 69 62 66 175 158
26 69 63 66 175 160
26 70 59 66 178 150
26 70 60 66 178 153
26 70 61 66 178 155
26 70 62 66 178 158
26 71 59 66 181 150
27 61 61 68 155 155
27 61 62 68 155 158
27 62 62 68 158 158
27 62 63 68 158 160
27 63 63 68 160 160
27 63 64 68 160 163
27 64 64 68 163 163
27 64 65 68 163 165
27 65 64 68 165 163
27 65 65 68 165 165
27 66 64 68 168 163
27 66 65 68 168 165
27 67 64 68 170 163
27 67 65 68 170 165
27 68 63 68 173 160
27 68 64 68 173 163
27 69 62 68 175 158
27 69 63 68 175 160
27 70 60 68 178 153
27 70 61 68 178 155
27 70 62 68 178 158
27 71 58 68 181 147
27 71 59 68 181 150
27 71 60 68 181 153
27 71 61 68 181 155
27 72 60 68 183 153
28 61 60 71 155 153
28 61 61 71 155 155
28 61 62 71 155 158
28 62 61 71 158 155
28 62 62 71 158 158
28 62 63 71 158 160
28 63 63 71 160 160
28 63 64 71 160 163
28 64 63 71 163 160
28 64 64 71 163 163
28 65 64 71 165 163
28 66 64 71 168 163
28 67 63 71 170 160
28 67 64 71 170 163
28 68 63 71 173 160
28 68 64 71 173 163
28 69 62 71 175 158
28 69 63 71 175 160
28 69 64 71 175 163
28 70 61 71 178 155
28 70 62 71 178 158
28 70 63 71 178 160
28 70 64 71 178 163
28 71 60 71 181 153
28 71 61 71 181 155
28 71 62 71 181 158
28 71 63 71 181 160
28 72 56 71 183 142
28 72 59 71 183 150
28 72 60 71 183 153
28 72 61 71 183 155
28 72 62 71 183 158
28 73 55 71 186 140
28 73 56 71 186 142
28 73 59 71 186 150
28 73 60 71 186 153
28 73 61 71 186 155
28 73 62 71 186 158
28 74 54 71 188 137
28 74 55 71 188 140
28 74 56 71 188 142
28 74 59 71 188 150
28 75 53 71 191 135
28 75 54 71 191 137
29 61 60 73 155 153
29 62 60 73 158 153
29 62 61 73 158 155
29 62 62 73 158 158
29 63 62 73 160 158
29 63 63 73 160 160
29 64 63 73 163 160
29 64 64 73 163 163
29 65 64 73 165 163
29 66 64 73 168 163
29 66 65 73 168 165
29 67 64 73 170 163
29 67 65 73 170 165
29 68 64 73 173 163
29 68 65 73 173 165
29 68 66 73 173 168
29 69 64 73 175 163
29 69 65 73 175 165
29 69 66 73 175 168
29 70 63 73 178 160
29 70 64 73 178 163
29 70 65 73 178 165
29 70 66 73 178 168
29 71 63 73 181 160
29 71 64 73 181 163
29 71 65 73 181 165
29 72 62 73 183 158
29 72 63 73 183 160
29 72 64 73 183 163
29 72 65 73 183 165
29 73 59 73 186 150
29 73 60 73 186 153
29 73 61 73 186 155
29 73 62 73 186 158
29 73 63 73 186 160
29 73 64 73 186 163
29 74 55 73 188 140
29 74 59 73 188 150
29 74 60 73 188 153
29 74 61 73 188 155
29 74 62 73 188 158
29 75 52 73 191 132
29 75 53 73 191 135
29 75 54 73 191 137
29 75 55 73 191 140
29 75 58 73 191 147
29 75 59 73 191 150
29 75 60 73 191 153
29 76 52 73 193 132
29 76 58 73 193 147
30 61 60 76 155 153
30 62 60 76 158 153
30 62 61 76 158 155
30 62 62 76 158 158
30 63 61 76 160 155
30 63 62 76 160 158
30 63 63 76 160 160
30 63 64 76 160 163
30 64 63 76 163 160
30 64 64 76 163 163
30 64 65 76 163 165
30 65 64 76 165 163
30 65 65 76 165 165
30 65 66 76 165 168
30 66 65 76 168 165
30 66 66 76 168 168
30 67 65 76 170 165
30 67 66 76 170 168
30 67 67 76 170 170
30 68 65 76 173 165
30 68 66 76 173 168
30 68 67 76 173 170
30 69 66 76 175 168
30 69 67 76 175 170
30 70 65 76 178 165
30 70 66 76 178 168
30 70 67 76 178 170
30 71 65 76 181 165
30 71 66 76 181 168
30 71 67 76 181 170
30 72 64 76 183 163
30 72 65 76 183 165
30 72 66 76 183 168
30 73 63 76 186 160
30 73 64 76 186 163
30 73 65 76 186 165
30 73 66 76 186 168
30 74 61 76 188 155
30 74 62 76 188 158
30 74 63 76 188 160
30 74 64 76 188 163
30 74 65 76 188 165
30 75 59 76 191 150
30 75 60 76 191 153
30 75 61 76 191 155
30 75 62 76 191 158
30 75 63 76 191 160
30 75 64 76 191 163
30 76 58 76 193 147
30 76 59 76 193 150
30 76 60 76 193 153
30 77 56 76 196 142
31 61 59 79 155 150
31 61 61 79 155 155
31 61 62 79 155 158
31 62 61 79 158 155
31 62 62 79 158 158
31 62 63 79 158 160
31 62 64 79 158 163
31 63 63 79 160 160
31 63 64 79 160 163
31 63 65 79 160 165
31 64 64 79 163 163
31 64 65 79 163 165
31 64 66 79 163 168
31 64 67 79 163 170
31 65 66 79 165 168
31 65 67 79 165 170
31 66 66 79 168 168
31 66 67 79 168 170
31 66 68 79 168 173
31 67 67 79 170 170
31 67 68 79 170 173
31 68 67 79 173 170
31 68 68 79 173 173
31 69 67 79 175 170
31 69 68 79 175 173
31 70 67 79 178 170
31 70 68 79 178 173
31 71 67 79 181 170
31 71 68 79 181 173
31 72 66 79 183 168
31 72 67 79 183 170
31 72 68 79 183 173
31 73 65 79 186 165
31 73 66 79 186 168
31 73 67 79 186 170
31 74 64 79 188 163
31 74 65 79 188 165
31 74 66 79 188 168
31 74 67 79 188 170
31 75 62 79 191 158
31 75 63 79 191 160
31 75 64 79 191 163
31 75 65 79 191 165
31 76 58 79 193 147
31 76 59 79 193 150
31 76 60 79 193 153
31 76 61 79 193 155
31 76 62 79 193 158
31 76 63 79 193 160
31 76 64 79 193 163
31 77 57 79 196 145
31 77 58 79 196 147
31 77 59 79 196 150
31 77 60 79 196 153
31 77 61 79 196 155
31 77 62 79 196 158
31 78 57 79 198 145
31 78 59 79 198 150
32 61 62 81 155 158
32 61 63 81 155 160
32 62 63 81 158 160
32 62 64 81 158 163
32 62 65 81 158 165
32 62 66 81 158 168
32 63 65 81 160 165
32 63 66 81 160 168
32 63 67 81 160 170
32 64 66 81 163 168
32 64 67 81 163 170
32 64 68 81 163 173
32 65 67 81 165 170
32 65 68 81 165 173
32 66 68 81 168 173
32 66 69 81 168 175
32 67 68 81 170 173
32 67 69 81 170 175
32 68 68 81 173 173
32 68 69 81 173 175
32 69 68 81 175 173
32 69 69 81 175 175
32 70 68 81 178 173
32 70 69 81 178 175
32 71 68 81 181 173
32 71 69 81 181 175
32 72 68 81 183 173
32 72 69 81 183 175
32 73 67 81 186 170
32 73 68 81 186 173
32 74 66 81 188 168
32 74 67 81 188 170
32 74 68 81 188 173
32 75 64 81 191 163
32 75 65 81 191 165
32 75 66 81 191 168
32 75 67 81 191 170
32 76 63 81 193 160
32 76 64 81 193 163
32 76 65 81 193 165
32 76 66 81 193 168
32 77 60 81 196 153
32 77 61 81 196 155
32 77 62 81 196 158
32 77 63 81 196 160
32 77 64 81 196 163
32 78 55 81 198 140
32 78 57 81 198 145
32 78 58 81 198 147
32 78 59 81 198 150
32 78 60 81 198 153
32 78 61 81 198 155
32 78 62 81 198 158
32 78 63 81 198 160
32 79 58 81 201 147
32 79 59 81 201 150
33 61 62 84 155 158
33 61 63 84 155 160
33 61 64 84 155 163
33 61 65 84 155 165
33 61 66 84 155 168
33 62 65 84 158 165
33 62 66 84 158 168
33 62 67 84 158 170
33 63 66 84 160 168
33 63 67 84 160 170
33 63 68 84 160 173
33 64 67 84 163 170
33 64 68 84 163 173
33 64 69 84 163 175
33 65 68 84 165 173
33 65 69 84 165 175
33 66 69 84 168 175
33 66 70 84 168 178
33 67 69 84 170 175
33 67 70 84 170 178
33 68 69 84 173 175
33 68 70 84 173 178
33 69 69 84 175 175
33 69 70 84 175 178
33 70 69 84 178 175
33 70 70 84 178 178
33 71 69 84 181 175
33 71 70 84 181 178
33 72 69 84 183 175
33 72 70 84 183 178
33 73 68 84 186 173
33 73 69 84 186 175
33 74 67 84 188 170
33 74 68 84 188 173
33 75 66 84 191 168
33 75 67 84 191 170
33 75 68 84 191 173
33 76 64 84 193 163
33 76 65 84 193 165
33 76 66 84 193 168
33 76 67 84 193 170
33 77 63 84 196 160
33 77 64 84 196 163
33 77 65 84 196 165
33 78 60 84 198 153
33 78 61 84 198 155
33 78 62 84 198 158
33 78 63 84 198 160
33 79 58 84 201 147
33 79 59 84 201 150
33 79 60 84 201 153
33 79 61 84 201 155
33 79 62 84 201 158
33 80 57 84 204 145
33 80 58 84 204 147
34 61 65 86 155 165
34 61 66 86 155 168
34 61 67 86 155 170
34 62 67 86 158 170
34 62 68 86 158 173
34 63 67 86 160 170
34 63 68 86 160 173
34 63 69 86 160 175
34 64 68 86 163 173
34 64 69 86 163 175
34 64 70 86 163 178
34 65 69 86 165 175
34 65 70 86 165 178
34 66 69 86 168 175
34 66 70 86 168 178
34 67 70 86 170 178
34 67 71 86 170 181
34 68 70 86 173 178
34 68 71 86 173 181
34 69 70 86 175 178
34 69 71 86 175 181
34 70 70 86 178 178
34 70 71 86 178 181
34 71 70 86 181 178
34 71 71 86 181 181
34 72 69 86 183 175
34 72 70 86 183 178
34 73 69 86 186 175
34 73 70 86 186 178
34 74 68 86 188 173
34 74 69 86 188 175
34 75 67 86 191 170
34 75 68 86 191 173
34 76 66 86 193 168
34 76 67 86 193 170
34 77 64 86 196 163
34 77 65 86 196 165
34 78 62 86 198 158
34 78 63 86 198 160
34 78 64 86 198 163
34 78 65 86 198 165
34 79 58 86 201 147
34 79 60 86 201 153
34 79 61 86 201 155
34 79 62 86 201 158
34 79 63 86 201 160
34 79 64 86 201 163
34 80 57 86 204 145
34 80 58 86 204 147
34 80 59 86 204 150
34 80 60 86 204 153
34 80 61 86 204 155
35 61 66 89 155 168
35 61 67 89 155 170
35 62 67 89 158 170
35 62 68 89 158 173
35 63 68 89 160 173
35 63 69 89 160 175
35 64 69 89 163 175
35 64 70 89 163 178
35 65 70 89 165 178
35 66 70 89 168 178
35 66 71 89 168 181
35 67 70 89 170 178
35 67 71 89 170 181
35 68 71 89 173 181
35 69 71 89 175 181
35 70 71 89 178 181
35 71 71 89 181 181
35 72 70 89 183 178
35 72 71 89 183 181
35 73 70 89 186 178
35 73 71 89 186 181
35 74 68 89 188 173
35 74 69 89 188 175
35 74 70 89 188 178
35 75 68 89 191 173
35 75 69 89 191 175
35 76 66 89 193 168
35 76 67 89 193 170
35 76 68 89 193 173
35 77 65 89 196 165
35 77 66 89 196 168
35 77 67 89 196 170
35 78 64 89 198 163
35 78 65 89 198 165
35 79 60 89 201 153
35 79 61 89 201 155
35 79 63 89 201 160
35 79 64 89 201 163
35 80 49 89 204 124
35 80 58 89 204 147
35 80 59 89 204 150
35 80 60 89 204 153
35 80 61 89 204 155
35 80 62 89 204 158
35 80 63 89 204 160
35 81 59 89 206 150
36 61 66 91 155 168
36 61 67 91 155 170
36 61 68 91 155 173
36 62 68 91 158 173
36 62 69 91 158 175
36 63 69 91 160 175
36 63 70 91 160 178
36 64 69 91 163 175
36 64 70 91 163 178
36 65 70 91 165 178
36 65 71 91 165 181
36 66 71 91 168 181
36 67 71 91 170 181
36 68 71 91 173 181
36 68 72 91 173 183
36 69 71 91 175 181
36 69 72 91 175 183
36 70 71 91 178 181
36 70 72 91 178 183
36 71 71 91 181 181
36 71 72 91 181 183
36 72 71 91 183 181
36 72 72 91 183 183
36 73 70 91 186 178
36 73 71 91 186 181
36 74 69 91 188 175
36 74 70 91 188 178
36 75 68 91 191 173
36 75 69 91 191 175
36 76 67 91 193 170
36 76 68 91 193 173
36 77 66 91 196 168
36 77 67 91 196 170
36 78 65 91 198 165
36 78 66 91 198 168
36 79 63 91 201 160
36 79 64 91 201 163
36 79 65 91 201 165
36 80 49 91 204 124
36 80 60 91 204 153
36 80 61 91 204 155
36 80 62 91 204 158
36 80 63 91 204 160
36 81 49 91 206 124
36 81 59 91 206 150
36 81 60 91 206 153
37 61 68 94 155 173
37 62 68 94 158 173
37 62 69 94 158 175
37 63 69 94 160 175
37 63 70 94 160 178
37 64 70 94 163 178
37 64 71 94 163 181
37 65 71 94 165 181
37 66 71 94 168 181
37 66 72 94 168 183
37 67 71 94 170 181
37 67 72 94 170 183
37 68 72 94 173 183
37 69 72 94 175 183
37 70 72 94 178 183
37 71 72 94 181 183
37 72 71 94 183 181
37 72 72 94 183 183
37 73 71 94 186 181
37 73 72 94 186 183
37 74 69 94 188 175
37 74 70 94 188 178
37 74 71 94 188 181
37 75 68 94 191 173
37 75 69 94 191 175
37 75 70 94 191 178
37 76 67 94 193 170
37 76 68 94 193 173
37 77 66 94 196 168
37 77 67 94 196 170
37 78 65 94 198 165
37 78 66 94 198 168
37 79 64 94 201 163
37 79 65 94 201 165
37 80 49 94 204 124
37 80 62 94 204 158
37 80 63 94 204 160
37 80 64 94 204 163
37 81 49 94 206 124
37 81 59 94 206 150
37 81 60 94 206 153
37 81 61 94 206 155
37 81 62 94 206 158
38 61 68 96 155 173
38 62 68 96 158 173
38 62 69 96 158 175
38 62 70 96 158 178
38 63 70 96 160 178
38 64 70 96 163 178
38 64 71 96 163 181
38 65 71 96 165 181
38 66 71 96 168 181
38 66 72 96 168 183
38 67 72 96 170 183
38 68 72 96 173 183
38 69 72 96 175 183
38 70 72 96 178 183
38 71 72 96 181 183
38 72 72 96 183 183
38 73 71 96 186 181
38 73 72 96 186 183
38 74 70 96 188 178
38 74 71 96 188 181
38 75 68 96 191 173
38 75 69 96 191 175
38 75 70 96 191 178
38 76 67 96 193 170
38 76 68 96 193 173
38 77 65 96 196 165
38 77 66 96 196 168
38 77 67 96 196 170
38 78 65 96 198 165
38 78 66 96 198 168
38 79 64 96 201 163
38 79 65 96 201 165
38 80 62 96 204 158
38 80 63 96 204 160
38 80 64 96 204 163
38 81 60 96 206 153
38 81 61 96 206 155
38 81 62 96 206 158
38 81 63 96 206 160
39 61 68 99 155 173
39 62 68 99 158 173
39 62 69 99 158 175
39 62 70 99 158 178
39 63 69 99 160 175
39 63 70 99 160 178
39 64 70 99 163 178
39 64 71 99 163 181
39 65 71 99 165 181
39 66 72 99 168 183
39 67 72 99 170 183
39 68 72 99 173 183
39 69 72 99 175 183
39 70 72 99 178 183
39 71 72 99 181 183
39 72 72 99 183 183
39 73 71 99 186 181
39 73 72 99 186 183
39 74 70 99 188 178
39 74 71 99 188 181
39 75 69 99 191 175
39 75 70 99 191 178
39 76 67 99 193 170
39 76 68 99 193 173
39 76 69 99 193 175
39 77 65 99 196 165
39 77 66 99 196 168
39 77 67 99 196 170
39 78 65 99 198 165
39 79 64 99 201 163
39 79 65 99 201 165
39 80 63 99 204 160
39 80 64 99 204 163
39 81 59 99 206 150
39 81 60 99 206 153
39 81 61 99 206 155
39 81 62 99 206 158
39 81 63 99 206 160
39 82 59 99 209 150
40 61 67 102 155 170
40 61 68 102 155 173
40 62 68 102 158 173
40 62 69 102 158 175
40 63 69 102 160 175
40 63 70 102 160 178
40 64 70 102 163 178
40 64 71 102 163 181
40 65 71 102 165 181
40 65 72 102 165 183
40 66 72 102 168 183
40 67 72 102 170 183
40 68 72 102 173 183
40 69 72 102 175 183
40 70 72 102 178 183
40 71 72 102 181 183
40 72 72 102 183 183
40 73 71 102 186 181
40 73 72 102 186 183
40 74 71 102 188 181
40 74 72 102 188 183
40 75 69 102 191 175
40 75 70 102 191 178
40 75 71 102 191 181
40 76 68 102 193 173
40 76 69 102 193 175
40 76 70 102 193 178
40 77 66 102 196 168
40 77 67 102 196 170
40 77 68 102 196 173
40 78 64 102 198 163
40 78 65 102 198 165
40 78 66 102 198 168
40 79 64 102 201 163
40 79 65 102 201 165
40 80 63 102 204 160
40 80 64 102 204 163
40 81 59 102 206 150
40 81 60 102 206 153
40 81 61 102 206 155
40 81 62 102 206 158
40 81 63 102 206 160
40 82 59 102 209 150
40 82 60 102 209 153
41 61 66 104 155 168
41 61 67 104 155 170
41 62 67 104 158 170
41 62 68 104 158 173
41 62 69 104 158 175
41 63 69 104 160 175
41 63 70 104 160 178
41 64 70 104 163 178
41 64 71 104 163 181
41 65 71 104 165 181
41 65 72 104 165 183
41 66 72 104 168 183
41 67 72 104 170 183
41 68 72 104 173 183
41 69 72 104 175 183
41 70 72 104 178 183
41 71 72 104 181 183
41 72 72 104 183 183
41 73 72 104 186 183
41 74 71 104 188 181
41 74 72 104 188 183
41 75 70 104 191 178
41 75 71 104 191 181
41 76 69 104 193 175
41 76 70 104 193 178
41 77 66 104 196 168
41 77 67 104 196 170
41 77 68 104 196 173
41 77 69 104 196 175
41 78 64 104 198 163
41 78 65 104 198 165
41 78 66 104 198 168
41 79 63 104 201 160
41 79 64 104 201 163
41 80 62 104 204 158
41 80 63 104 204 160
41 80 64 104 204 163
41 81 60 104 206 153
41 81 61 104 206 155
41 81 62 104 206 158
41 82 59 104 209 150
41 82 60 104 209 153
42 61 67 107 155 170
42 62 67 107 158 170
42 62 68 107 158 173
42 62 69 107 158 175
42 63 69 107 160 175
42 63 70 107 160 178
42 64 70 107 163 178
42 64 71 107 163 181
42 65 71 107 165 181
42 66 71 107 168 181
42 66 72 107 168 183
42 67 72 107 170 183
42 68 72 107 173 183
42 69 72 107 175 183
42 70 72 107 178 183
42 71 72 107 181 183
42 72 72 107 183 183
42 73 71 107 186 181
42 73 72 107 186 183
42 74 71 107 188 181
42 75 70 107 191 178
42 75 71 107 191 181
42 76 69 107 193 175
42 76 70 107 193 178
42 77 67 107 196 170
42 77 68 107 196 173
42 77 69 107 196 175
42 78 63 107 198 160
42 78 64 107 198 163
42 78 65 107 198 165
42 78 66 107 198 168
42 79 62 107 201 158
42 79 63 107 201 160
42 79 64 107 201 163
42 80 46 107 204 117
42 80 61 107 204 155
42 80 62 107 204 158
42 80 63 107 204 160
42 81 45 107 206 114
42 81 46 107 206 117
42 81 59 107 206 150
42 81 60 107 206 153
42 81 61 107 206 155
42 81 62 107 206 158
43 62 67 109 158 170
43 62 68 109 158 173
43 62 69 109 158 175
43 63 69 109 160 175
43 63 70 109 160 178
43 64 70 109 163 178
43 64 71 109 163 181
43 65 70 109 165 178
43 65 71 109 165 181
43 66 71 109 168 181
43 66 72 109 168 183
43 67 72 109 170 183
43 68 72 109 173 183
43 69 72 109 175 183
43 70 72 109 178 183
43 71 72 109 181 183
43 72 72 109 183 183
43 73 71 109 186 181
43 73 72 109 186 183
43 74 70 109 188 178
43 74 71 109 188 181
43 75 70 109 191 178
43 75 71 109 191 181
43 76 68 109 193 173
43 76 69 109 193 175
43 76 70 109 193 178
43 77 67 109 196 170
43 77 68 109 196 173
43 78 64 109 198 163
43 78 65 109 198 165
43 78 66 109 198 168
43 79 61 109 201 155
43 79 62 109 201 158
43 79 63 109 201 160
43 79 64 109 201 163
43 80 46 109 204 117
43 80 60 109 204 153
43 80 61 109 204 155
43 80 62 109 204 158
43 81 45 109 206 114
43 81 46 109 206 117
43 81 60 109 206 153
43 81 61 109 206 155
43 82 45 109 209 114
44 62 67 112 158 170
44 62 68 112 158 173
44 63 68 112 160 173
44 63 69 112 160 175
44 64 69 112 163 175
44 64 70 112 163 178
44 65 70 112 165 178
44 65 71 112 165 181
44 66 71 112 168 181
44 67 71 112 170 181
44 67 72 112 170 183
44 68 71 112 173 181
44 68 72 112 173 183
44 69 72 112 175 183
44 70 72 112 178 183
44 71 71 112 181 181
44 71 72 112 181 183
44 72 71 112 183 181
44 72 72 112 183 183
44 73 71 112 186 181
44 74 70 112 188 178
44 74 71 112 188 181
44 75 69 112 191 175
44 75 70 112 191 178
44 76 68 112 193 173
44 76 69 112 193 175
44 77 66 112 196 168
44 77 67 112 196 170
44 77 68 112 196 173
44 78 64 112 198 163
44 78 65 112 198 165
44 78 66 112 198 168
44 79 62 112 201 158
44 79 63 112 201 160
44 79 64 112 201 163
44 80 46 112 204 117
44 80 47 112 204 119
44 80 60 112 204 153
44 80 61 112 204 155
44 80 62 112 204 158
44 81 45 112 206 114
44 81 46 112 206 117
45 62 67 114 158 170
45 63 68 114 160 173
45 63 69 114 160 175
45 64 69 114 163 175
45 64 70 114 163 178
45 65 69 114 165 175
45 65 70 114 165 178
45 65 71 114 165 181
45 66 70 114 168 178
45 66 71 114 168 181
45 67 71 114 170 181
45 68 71 114 173 181
45 68 72 114 173 183
45 69 71 114 175 181
45 69 72 114 175 183
45 70 71 114 178 181
45 70 72 114 178 183
45 71 71 114 181 181
45 72 71 114 183 181
45 73 70 114 186 178
45 73 71 114 186 181
45 74 70 114 188 178
45 74 71 114 188 181
45 75 69 114 191 175
45 75 70 114 191 178
45 76 68 114 193 173
45 76 69 114 193 175
45 77 66 114 196 168
45 77 67 114 196 170
45 77 68 114 196 173
45 78 64 114 198 163
45 78 65 114 198 165
45 78 66 114 198 168
45 79 61 114 201 155
45 79 62 114 201 158
45 79 63 114 201 160
45 79 64 114 201 163
45 80 46 114 204 117
45 80 59 114 204 150
45 80 60 114 204 153
45 80 61 114 204 155
45 80 62 114 204 158
45 81 45 114 206 114
45 81 46 114 206 117
46 64 68 117 163 173
46 64 69 117 163 175
46 65 68 117 165 173
46 65 69 117 165 175
46 65 70 117 165 178
46 66 69 117 168 175
46 66 70 117 168 178
46 67 70 117 170 178
46 67 71 117 170 181
46 68 70 117 173 178
46 68 71 117 173 181
46 69 70 117 175 178
46 69 71 117 175 181
46 70 70 117 178 178
46 70 71 117 178 181
46 71 70 117 181 178
46 71 71 117 181 181
46 72 70 117 183 178
46 72 71 117 183 181
46 73 70 117 186 178
46 74 69 117 188 175
46 74 70 117 188 178
46 75 68 117 191 173
46 75 69 117 191 175
46 76 67 117 193 170
46 76 68 117 193 173
46 76 69 117 193 175
46 77 65 117 196 165
46 77 66 117 196 168
46 77 67 117 196 170
46 78 63 117 198 160
46 78 64 117 198 163
46 78 65 117 198 165
46 78 66 117 198 168
46 79 61 117 201 155
46 79 62 117 201 158
46 79 63 117 201 160
46 79 64 117 201 163
46 80 55 117 204 140
46 80 56 117 204 142
46 80 57 117 204 145
46 80 59 117 204 150
46 80 60 117 204 153
46 80 61 117 204 155
46 81 56 117 206 142
47 65 68 119 165 173
47 65 69 119 165 175
47 66 68 119 168 173
47 66 69 119 168 175
47 67 69 119 170 175
47 67 70 119 170 178
47 68 69 119 173 175
47 68 70 119 173 178
47 69 69 119 175 175
47 69 70 119 175 178
47 70 69 119 178 175
47 70 70 119 178 178
47 71 69 119 181 175
47 71 70 119 181 178
47 72 69 119 183 175
47 72 70 119 183 178
47 73 69 119 186 175
47 73 70 119 186 178
47 74 68 119 188 173
47 74 69 119 188 175
47 75 67 119 191 170
47 75 68 119 191 173
47 75 69 119 191 175
47 76 66 119 193 168
47 76 67 119 193 170
47 76 68 119 193 173
47 77 65 119 196 165
47 77 66 119 196 168
47 77 67 119 196 170
47 78 63 119 198 160
47 78 64 119 198 163
47 78 65 119 198 165
47 79 61 119 201 155
47 79 62 119 201 158
47 79 63 119 201 160
47 80 56 119 204 142
47 80 57 119 204 145
47 80 58 119 204 147
47 80 59 119 204 150
47 80 60 119 204 153
47 80 61 119 204 155
47 81 56 119 206 142
47 81 57 119 206 145
48 66 68 122 168 173
48 66 69 122 168 175
48 67 68 122 170 173
48 67 69 122 170 175
48 68 68 122 173 173
48 68 69 122 173 175
48 69 68 122 175 173
48 69 69 122 175 175
48 70 69 122 178 175
48 71 68 122 181 173
48 71 69 122 181 175
48 72 68 122 183 173
48 72 69 122 183 175
48 73 68 122 186 173
48 73 69 122 186 175
48 74 67 122 188 170
48 74 68 122 188 173
48 74 69 122 188 175
48 75 66 122 191 168
48 75 67 122 191 170
48 75 68 122 191 173
48 76 65 122 193 165
48 76 66 122 193 168
48 76 67 122 193 170
48 77 64 122 196 163
48 77 65 122 196 165
48 77 66 122 196 168
48 78 63 122 198 160
48 78 64 122 198 163
48 79 61 122 201 155
48 79 62 122 201 158
48 79 63 122 201 160
48 80 58 122 204 147
48 80 59 122 204 150
48 80 60 122 204 153
48 80 61 122 204 155
48 81 56 122 206 142
48 81 57 122 206 145
48 81 58 122 206 147
48 81 59 122 206 150
48 82 56 122 209 142
49 66 66 124 168 168
49 66 67 124 168 170
49 66 68 124 168 173
49 67 66 124 170 168
49 67 67 124 170 170
49 67 68 124 170 173
49 68 67 124 173 170
49 68 68 124 173 173
49 69 67 124 175 170
49 69 68 124 175 173
49 70 68 124 178 173
49 70 69 124 178 175
49 71 67 124 181 170
49 71 68 124 181 173
49 72 67 124 183 170
49 72 68 124 183 173
49 73 67 124 186 170
49 73 68 124 186 173
49 74 66 124 188 168
49 74 67 124 188 170
49 74 68 124 188 173
49 75 66 124 191 168
49 75 67 124 191 170
49 76 65 124 193 165
49 76 66 124 193 168
49 77 64 124 196 163
49 77 65 124 196 165
49 78 63 124 198 160
49 78 64 124 198 163
49 79 61 124 201 155
49 79 62 124 201 158
49 79 63 124 201 160
49 80 59 124 204 150
49 80 60 124 204 153
49 80 61 124 204 155
49 80 62 124 204 158
49 81 56 124 206 142
49 81 57 124 206 145
49 81 58 124 206 147
49 81 59 124 206 150
49 82 56 124 209 142
49 82 57 124 209 145
50 66 66 127 168 168
50 67 65 127 170 165
50 67 66 127 170 168
50 67 67 127 170 170
50 68 66 127 173 168
50 68 67 127 173 170
50 69 66 127 175 168
50 69 67 127 175 170
50 70 67 127 178 170
50 70 68 127 178 173
50 71 67 127 181 170
50 71 68 127 181 173
50 72 66 127 183 168
50 72 67 127 183 170
50 73 66 127 186 168
50 73 67 127 186 170
50 74 66 127 188 168
50 74 67 127 188 170
50 75 66 127 191 168
50 76 65 127 193 165
50 76 66 127 193 168
50 77 64 127 196 163
50 77 65 127 196 165
50 78 63 127 198 160
50 78 64 127 198 163
50 79 62 127 201 158
50 79 63 127 201 160
50 80 60 127 204 153
50 80 61 127 204 155
50 80 62 127 204 158
50 81 57 127 206 145
50 81 58 127 206 147
50 81 59 127 206 150
50 81 60 127 206 153
50 82 55 127 209 140
50 82 56 127 209 142
50 82 57 127 209 145
51 67 65 130 170 165
51 67 66 130 170 168
51 68 65 130 173 165
51 68 66 130 173 168
51 69 65 130 175 165
51 69 66 130 175 168
51 70 66 130 178 168
51 70 67 130 178 170
51 71 66 130 181 168
51 71 67 130 181 170
51 72 66 130 183 168
51 73 66 130 186 168
51 74 66 130 188 168
51 75 66 130 191 168
51 76 65 130 193 165
51 76 66 130 193 168
51 77 64 130 196 163
51 77 65 130 196 165
51 78 63 130 198 160
51 78 64 130 198 163
51 79 62 130 201 158
51 79 63 130 201 160
51 80 60 130 204 153
51 80 61 130 204 155
51 80 62 130 204 158
51 81 58 130 206 147
51 81 59 130 206 150
51 81 60 130 206 153
51 82 55 130 209 140
51 82 56 130 209 142
51 82 57 130 209 145
51 82 58 130 209 147
52 67 64 132 170 163
52 67 65 132 170 165
52 68 64 132 173 163
52 68 65 132 173 165
52 69 65 132 175 165
52 69 66 132 175 168
52 70 65 132 178 165
52 70 66 132 178 168
52 71 66 132 181 168
52 72 66 132 183 168
52 73 66 132 186 168
52 74 66 132 188 168
52 75 65 132 191 165
52 75 66 132 191 168
52 76 64 132 193 163
52 76 65 132 193 165
52 77 64 132 196 163
52 77 65 132 196 165
52 78 63 132 198 160
52 78 64 132 198 163
52 79 62 132 201 158
52 79 63 132 201 160
52 80 60 132 204 153
52 80 61 132 204 155
52 80 62 132 204 158
52 81 59 132 206 150
52 81 60 132 206 153
52 82 56 132 209 142
52 82 57 132 209 145
52 82 58 132 209 147
52 82 59 132 209 150
53 67 64 135 170 163
53 68 64 135 173 163
53 68 65 135 173 165
53 69 65 135 175 165
53 70 65 135 178 165
53 70 66 135 178 168
53 71 65 135 181 165
53 71 66 135 181 168
53 72 66 135 183 168
53 73 66 135 186 168
53 74 65 135 188 165
53 74 66 135 188 168
53 75 65 135 191 165
53 76 64 135 193 163
53 76 65 135 193 165
53 77 64 135 196 163
53 77 65 135 196 165
53 78 63 135 198 160
53 78 64 135 198 163
53 78 65 135 198 165
53 79 62 135 201 158
53 79 63 135 201 160
53 79 64 135 201 163
53 80 60 135 204 153
53 80 61 135 204 155
53 80 62 135 204 158
53 80 63 135 204 160
53 80 64 135 204 163
53 81 59 135 206 150
53 81 60 135 206 153
53 81 62 135 206 158
53 82 55 135 209 140
53 82 56 135 209 142
53 82 57 135 209 145
53 82 58 135 209 147
54 63 77 137 160 196
54 63 78 137 160 198
54 64 77 137 163 196
54 64 78 137 163 198
54 65 76 137 165 193
54 65 77 137 165 196
54 66 76 137 168 193
54 66 77 137 168 196
54 67 75 137 170 191
54 67 76 137 170 193
54 68 64 137 173 163
54 68 65 137 173 165
54 68 75 137 173 191
54 69 64 137 175 163
54 69 65 137 175 165
54 69 74 137 175 188
54 69 75 137 175 191
54 70 65 137 178 165
54 71 65 137 181 165
54 71 66 137 181 168
54 72 65 137 183 165
54 72 66 137 183 168
54 73 65 137 186 165
54 73 66 137 186 168
54 74 65 137 188 165
54 74 66 137 188 168
54 75 65 137 191 165
54 75 66 137 191 168
54 76 65 137 193 165
54 76 66 137 193 168
54 77 65 137 196 165
54 77 66 137 196 168
54 78 65 137 198 165
54 78 66 137 198 168
54 79 64 137 201 163
54 79 65 137 201 165
54 80 63 137 204 160
54 80 64 137 204 163
54 80 65 137 204 165
54 81 58 137 206 147
54 81 59 137 206 150
54 81 62 137 206 158
54 81 63 137 206 160
54 81 64 137 206 163
54 82 56 137 209 142
54 82 57 137 209 145
54 82 58 137 209 147
54 82 61 137 209 155
54 82 62 137 209 158
54 82 63 137 209 160
54 83 61 137 211 155
54 83 62 137 211 158
54 84 61 137 214 155
54 84 62 137 214 158
55 62 78 140 158 198
55 62 79 140 158 201
55 63 78 140 160 198
55 63 79 140 160 201
55 64 77 140 163 196
55 64 78 140 163 198
55 65 77 140 165 196
55 65 78 140 165 198
55 66 76 140 168 193
55 66 77 140 168 196
55 67 75 140 170 191
55 67 76 140 170 193
55 68 75 140 173 191
55 69 64 140 175 163
55 69 65 140 175 165
55 69 74 140 175 188
55 69 75 140 175 191
55 70 64 140 178 163
55 70 65 140 178 165
55 70 74 140 178 188
55 71 65 140 181 165
55 71 73 140 181 186
55 72 65 140 183 165
55 73 65 140 186 165
55 73 66 140 186 168
55 74 66 140 188 168
55 75 66 140 191 168
55 76 66 140 193 168
55 77 66 140 196 168
55 78 66 140 198 168
55 79 65 140 201 165
55 79 66 140 201 168
55 80 64 140 204 163
55 80 65 140 204 165
55 80 66 140 204 168
55 81 64 140 206 163
55 81 65 140 206 165
55 82 62 140 209 158
55 82 63 140 209 160
55 82 64 140 209 163
55 83 62 140 211 158
55 83 63 140 211 160
55 84 62 140 214 158
55 84 63 140 214 160
55 85 61 140 216 155
55 85 62 140 216 158
55 85 63 140 216 160
55 86 61 140 219 155
56 62 78 142 158 198
56 62 79 142 158 201
56 62 80 142 158 204
56 63 79 142 160 201
56 63 80 142 160 204
56 64 78 142 163 198
56 64 79 142 163 201
56 65 77 142 165 196
56 65 78 142 165 198
56 65 79 142 165 201
56 66 76 142 168 193
56 66 77 142 168 196
56 67 75 142 170 191
56 67 76 142 170 193
56 68 75 142 173 191
56 69 74 142 175 188
56 69 75 142 175 191
56 70 64 142 178 163
56 70 73 142 178 186
56 70 74 142 178 188
56 71 64 142 181 163
56 71 65 142 181 165
56 71 73 142 181 186
56 72 65 142 183 165
56 72 66 142 183 168
56 72 73 142 183 186
56 73 65 142 186 165
56 73 66 142 186 168
56 74 66 142 188 168
56 74 67 142 188 170
56 75 66 142 191 168
56 75 67 142 191 170
56 76 66 142 193 168
56 76 67 142 193 170
56 77 66 142 196 168
56 77 67 142 196 170
56 78 66 142 198 168
56 78 67 142 198 170
56 79 66 142 201 168
56 79 67 142 201 170
56 80 65 142 204 165
56 80 66 142 204 168
56 81 64 142 206 163
56 81 65 142 206 165
56 82 63 142 209 160
56 82 64 142 209 163
56 82 65 142 209 165
56 83 63 142 211 160
56 83 64 142 211 163
56 84 63 142 214 160
56 84 64 142 214 163
56 85 62 142 216 158
56 85 63 142 216 160
56 86 61 142 219 155
56 86 62 142 219 158
57 62 79 145 158 201
57 62 80 145 158 204
57 63 79 145 160 201
57 63 80 145 160 204
57 64 79 145 163 201
57 64 80 145 163 204
57 65 78 145 165 198
57 65 79 145 165 201
57 65 80 145 165 204
57 66 77 145 168 196
57 66 78 145 168 198
57 66 79 145 168 201
57 67 75 145 170 191
57 67 76 145 170 193
57 67 77 145 170 196
57 67 78 145 170 198
57 68 75 145 173 191
57 68 76 145 173 193
57 69 74 145 175 188
57 69 75 145 175 191
57 70 73 145 178 186
57 70 74 145 178 188
57 71 72 145 181 183
57 71 73 145 181 186
57 72 65 145 183 165
57 72 66 145 183 168
57 72 70 145 183 178
57 72 72 145 183 183
57 73 66 145 186 168
57 73 67 145 186 170
57 73 69 145 186 175
57 73 70 145 186 178
57 73 71 145 186 181
57 74 67 145 188 170
57 74 68 145 188 173
57 74 69 145 188 175
57 75 67 145 191 170
57 75 68 145 191 173
57 76 67 145 193 170
57 76 68 145 193 173
57 77 67 145 196 170
57 77 68 145 196 173
57 78 67 145 198 170
57 78 68 145 198 173
57 78 69 145 198 175
57 79 67 145 201 170
57 79 68 145 201 173
57 80 66 145 204 168
57 80 67 145 204 170
57 80 68 145 204 173
57 81 65 145 206 165
57 81 66 145 206 168
57 81 67 145 206 170
57 82 64 145 209 163
57 82 65 145 209 165
57 82 66 145 209 168
57 83 64 145 211 163
57 83 65 145 211 165
57 84 63 145 214 160
57 84 64 145 214 163
57 84 65 145 214 165
57 85 63 145 216 160
57 85 64 145 216 163
57 86 61 145 219 155
57 86 62 145 219 158
57 86 63 145 219 160
58 63 80 147 160 204
58 64 80 147 163 204
58 65 80 147 165 204
58 66 78 147 168 198
58 66 79 147 168 201
58 66 80 147 168 204
58 67 77 147 170 196
58 67 78 147 170 198
58 67 79 147 170 201
58 67 80 147 170 204
58 68 75 147 173 191
58 68 76 147 173 193
58 68 77 147 173 196
58 68 78 147 173 198
58 68 79 147 173 201
58 69 74 147 175 188
58 69 75 147 175 191
58 69 76 147 175 193
58 69 77 147 175 196
58 69 78 147 175 198
58 70 73 147 178 186
58 70 74 147 178 188
58 70 75 147 178 191
58 70 76 147 178 193
58 70 77 147 178 196
58 71 72 147 181 183
58 71 73 147 181 186
58 71 74 147 181 188
58 71 75 147 181 191
58 71 76 147 181 193
58 72 71 147 183 181
58 72 72 147 183 183
58 72 73 147 183 186
58 72 74 147 183 188
58 73 70 147 186 178
58 73 71 147 186 181
58 73 72 147 186 183
58 73 73 147 186 186
58 74 68 147 188 173
58 74 69 147 188 175
58 74 70 147 188 178
58 74 71 147 188 181
58 75 68 147 191 173
58 75 69 147 191 175
58 75 70 147 191 178
58 76 68 147 193 173
58 76 69 147 193 175
58 77 69 147 196 175
58 77 70 147 196 178
58 78 68 147 198 173
58 78 69 147 198 175
58 78 70 147 198 178
58 79 68 147 201 173
58 79 69 147 201 175
58 79 70 147 201 178
58 80 67 147 204 170
58 80 68 147 204 173
58 80 69 147 204 175
58 81 66 147 206 168
58 81 67 147 206 170
58 81 68 147 206 173
58 81 69 147 206 175
58 82 66 147 209 168
58 82 67 147 209 170
58 82 68 147 209 173
58 83 65 147 211 165
58 83 66 147 211 168
58 83 67 147 211 170
58 84 64 147 214 163
58 84 65 147 214 165
58 84 66 147 214 168
58 85 63 147 216 160
58 85 64 147 216 163
58 85 65 147 216 165
58 86 62 147 219 158
58 86 63 147 219 160
58 86 64 147 219 163
59 65 80 150 165 204
59 66 78 150 168 198
59 66 79 150 168 201
59 66 80 150 168 204
59 67 76 150 170 193
59 67 77 150 170 196
59 67 78 150 170 198
59 67 79 150 170 201
59 68 76 150 173 193
59 68 77 150 173 196
59 68 78 150 173 198
59 68 79 150 173 201
59 69 76 150 175 193
59 69 77 150 175 196
59 69 78 150 175 198
59 70 75 150 178 191
59 70 76 150 178 193
59 70 77 150 178 196
59 71 74 150 181 188
59 71 75 150 181 191
59 71 76 150 181 193
59 72 73 150 183 186
59 72 74 150 183 188
59 73 71 150 186 181
59 73 72 150 186 183
59 73 73 150 186 186
59 74 70 150 188 178
59 74 71 150 188 181
59 75 69 150 191 175
59 75 70 150 191 178
59 76 69 150 193 175
59 76 70 150 193 178
59 77 70 150 196 178
59 78 69 150 198 175
59 78 70 150 198 178
59 79 69 150 201 175
59 79 70 150 201 178
59 80 69 150 204 175
59 81 68 150 206 173
59 81 69 150 206 175
59 82 67 150 209 170
59 82 68 150 209 173
59 83 66 150 211 168
59 83 67 150 211 170
59 84 65 150 214 165
59 84 66 150 214 168
59 85 64 150 216 163
59 85 65 150 216 165
59 86 62 150 219 158
59 86 63 150 219 160
59 86 64 150 219 163
60 68 75 153 173 191
60 68 76 153 173 193
60 68 77 153 173 196
60 69 75 153 175 191
60 69 76 153 175 193
60 69 77 153 175 196
60 70 74 153 178 188
60 70 75 153 178 191
60 70 76 153 178 193
60 71 73 153 181 186
60 71 74 153 181 188
60 71 75 153 181 191
60 72 72 153 183 183
60 72 73 153 183 186
60 72 74 153 183 188
60 73 71 153 186 181
60 73 72 153 186 183
60 73 73 153 186 186
60 74 70 153 188 178
60 74 71 153 188 181
60 75 69 153 191 175
60 75 70 153 191 178
60 76 69 153 193 175
60 76 70 153 193 178
60 77 69 153 196 175
60 77 70 153 196 178
60 78 69 153 198 175
60 78 70 153 198 178
60 79 69 153 201 175
60 80 69 153 204 175
60 81 68 153 206 173
60 81 69 153 206 175
60 82 67 153 209 170
60 82 68 153 209 173
60 83 66 153 211 168
60 83 67 153 211 170
60 84 65 153 214 165
60 84 66 153 214 168
60 85 63 153 216 160
60 85 64 153 216 163
60 85 65 153 216 165
60 86 62 153 219 158
60 86 63 153 219 160
60 86 64 153 219 163
61 70 73 155 178 186
61 70 74 155 178 188
61 71 66 155 181 168
61 71 67 155 181 170
61 71 72 155 181 183
61 71 73 155 181 186
61 71 74 155 181 188
61 72 67 155 183 170
61 72 68 155 183 173
61 72 71 155 183 181
61 72 72 155 183 183
61 72 73 155 183 186
61 73 68 155 186 173
61 73 69 155 186 175
61 73 70 155 186 178
61 73 71 155 186 181
61 73 72 155 186 183
61 74 69 155 188 175
61 74 70 155 188 178
61 74 71 155 188 181
61 75 69 155 191 175
61 75 70 155 191 178
61 76 69 155 193 175
61 77 69 155 196 175
61 78 69 155 198 175
61 79 69 155 201 175
61 80 68 155 204 173
61 80 69 155 204 175
61 81 68 155 206 173
61 82 67 155 209 170
61 82 68 155 209 173
61 83 66 155 211 168
61 83 67 155 211 170
61 84 64 155 214 163
61 84 65 155 214 165
61 84 66 155 214 168
61 85 63 155 216 160
61 85 64 155 216 163
61 85 65 155 216 165
62 70 67 158 178 170
62 70 68 158 178 173
62 71 67 158 181 170
62 71 68 158 181 173
62 72 67 158 183 170
62 72 68 158 183 173
62 73 68 158 186 173
62 73 69 158 186 175
62 74 68 158 188 173
62 74 69 158 188 175
62 75 68 158 191 173
62 75 69 158 191 175
62 76 68 158 193 173
62 76 69 158 193 175
62 77 68 158 196 173
62 77 69 158 196 175
62 78 68 158 198 173
62 78 69 158 198 175
62 79 68 158 201 173
62 79 69 158 201 175
62 80 68 158 204 173
62 81 67 158 206 170
62 81 68 158 206 173
62 82 66 158 209 168
62 82 67 158 209 170
62 83 65 158 211 165
62 83 66 158 211 168
62 83 67 158 211 170
62 84 63 158 214 160
62 84 64 158 214 163
62 84 65 158 214 165
62 84 66 158 214 168
62 85 63 158 216 160
62 85 64 158 216 163
63 68 68 160 173 173
63 69 67 160 175 170
63 69 68 160 175 173
63 70 67 160 178 170
63 70 68 160 178 173
63 71 68 160 181 173
63 72 68 160 183 173
63 73 68 160 186 173
63 74 68 160 188 173
63 75 68 160 191 173
63 76 68 160 193 173
63 77 68 160 196 173
63 78 68 160 198 173
63 79 67 160 201 170
63 79 68 160 201 173
63 80 67 160 204 170
63 80 68 160 204 173
63 81 66 160 206 168
63 81 67 160 206 170
63 82 65 160 209 165
63 82 66 160 209 168
63 82 67 160 209 170
63 83 64 160 211 163
63 83 65 160 211 165
63 83 66 160 211 168
63 84 63 160 214 160
63 84 64 160 214 163
64 66 69 163 168 175
64 67 68 163 170 173
64 67 69 163 170 175
64 68 68 163 173 173
64 68 69 163 173 175
64 69 68 163 175 173
64 69 69 163 175 175
64 70 68 163 178 173
64 70 69 163 178 175
64 71 68 163 181 173
64 71 69 163 181 175
64 72 68 163 183 173
64 73 68 163 186 173
64 74 67 163 188 170
64 74 68 163 188 173
64 75 67 163 191 170
64 75 68 163 191 173
64 76 67 163 193 170
64 76 68 163 193 173
64 77 67 163 196 170
64 77 68 163 196 173
64 78 67 163 198 170
64 78 68 163 198 173
64 79 67 163 201 170
64 80 66 163 204 168
64 80 67 163 204 170
64 81 65 163 206 165
64 81 66 163 206 168
64 81 67 163 206 170
64 82 65 163 209 165
64 82 66 163 209 168
65 63 68 165 160 173
65 63 69 165 160 175
65 64 69 165 163 175
65 65 69 165 165 175
65 65 70 165 165 178
65 66 69 165 168 175
65 66 70 165 168 178
65 67 69 165 170 175
65 67 70 165 170 178
65 68 69 165 173 175
65 68 70 165 173 178
65 69 69 165 175 175
65 69 70 165 175 178
65 70 69 165 178 175
65 71 68 165 181 173
65 71 69 165 181 175
65 72 67 165 183 170
65 72 68 165 183 173
65 72 69 165 183 175
65 73 67 165 186 170
65 73 68 165 186 173
65 74 66 165 188 168
65 74 67 165 188 170
65 75 66 165 191 168
65 75 67 165 191 170
65 76 66 165 193 168
65 76 67 165 193 170
65 77 66 165 196 168
65 77 67 165 196 170
65 78 66 165 198 168
65 78 67 165 198 170
65 79 65 165 201 165
65 79 66 165 201 168
65 79 67 165 201 170
65 80 65 165 204 165
65 80 66 165 204 168
65 81 64 165 206 163
65 81 65 165 206 165
65 81 66 165 206 168
66 62 68 168 158 173
66 62 69 168 158 175
66 62 70 168 158 178
66 63 68 168 160 173
66 63 69 168 160 175
66 63 70 168 160 178
66 64 69 168 163 175
66 64 70 168 163 178
66 65 69 168 165 175
66 65 70 168 165 178
66 66 70 168 168 178
66 67 70 168 170 178
66 68 70 168 173 178
66 69 69 168 175 175
66 69 70 168 175 178
66 70 69 168 178 175
66 71 68 168 181 173
66 71 69 168 181 175
66 72 67 168 183 170
66 72 68 168 183 173
66 75 66 168 191 168
66 76 65 168 193 165
66 76 66 168 193 168
66 77 65 168 196 165
66 77 66 168 196 168
66 78 65 168 198 165
66 78 66 168 198 168
66 79 65 168 201 165
66 79 66 168 201 168
66 80 64 168 204 163
66 80 65 168 204 165
67 60 70 170 153 178
67 61 69 170 155 175
67 61 70 170 155 178
67 62 69 170 158 175
67 62 70 170 158 178
67 63 70 170 160 178
67 64 70 170 163 178
67 65 70 170 165 178
67 66 70 170 168 178
67 67 70 170 170 178
67 68 69 170 173 175
67 68 70 170 173 178
67 69 69 170 175 175
67 69 70 170 175 178
67 70 68 170 178 173
67 70 69 170 178 175
67 71 68 170 181 173
68 58 71 173 147 181
68 59 70 173 150 178
68 59 71 173 150 181
68 60 70 173 153 178
68 60 71 173 153 181
68 61 70 173 155 178
68 61 71 173 155 181
68 62 71 173 158 181
68 63 71 173 160 181
68 64 71 173 163 181
68 65 70 173 165 178
68 65 71 173 165 181
68 66 70 173 168 178
68 67 69 173 170 175
68 67 70 173 170 178
68 68 69 173 173 175
68 68 70 173 173 178
68 69 68 173 175 173
68 69 69 173 175 175
69 58 71 175 147 181
69 58 72 175 147 183
69 59 71 175 150 181
69 59 72 175 150 183
69 60 71 175 153 181
69 60 72 175 153 183
69 61 71 175 155 181
69 61 72 175 155 183
69 62 71 175 158 181
69 62 72 175 158 183
69 63 71 175 160 181
69 64 71 175 163 181
69 65 70 175 165 178
69 65 71 175 165 181
69 66 69 175 168 175
69 66 70 175 168 178
69 67 69 175 170 175
69 67 70 175 170 178
69 68 69 175 173 175
70 59 72 178 150 183
70 60 72 178 153 183
70 61 72 178 155 183
70 62 71 178 158 181
70 62 72 178 158 183
70 63 71 178 160 181
70 64 70 178 163 178
70 64 71 178 163 181
70 65 69 178 165 175
70 65 70 178 165 178
70 65 71 178 165 181
70 66 69 178 168 175
70 66 70 178 168 178
71 59 72 181 150 183
71 60 72 181 153 183
71 61 72 181 155 183
71 62 71 181 158 181
71 62 72 181 158 183
71 63 70 181 160 178
71 63 71 181 160 181
71 64 70 181 163 178
71 64 71 181 163 181
71 65 70 181 165 178
72 61 71 183 155 181
72 61 72 183 155 183
72 62 71 183 158 181
72 63 70 183 160 178
72 63 71 183 160 181